270965604
272402808
272571331
274745134
274842145
275293968
277371389
278033928
278831432
279797515
279851595
280383059
280846257
281135163
282137448
283288156
283942156
285387208
290880097
292544176
292652908
295578209
296942711
296957605
297255790
297448072
297863358
304094168
304723045
304783957
305459521
305865345
305982538
307086877
307111557
307903622
308930113
313204253
314558761
315812170
320373290
321188277
327987904
328314544
329269632
329586485
330565528
330886041
331179946
331248278
331474172
342674331
342785649
343335254
344242191
344534598
345698420
345711944
347763537
348996311
353073950
356339628
359528885
360655066
364252337
369185632
373192123
374102481
376190220
376913899
379345100
379765826
382635402
383149726
386005224
389351363
389975622
392303301
393328759
393882159
395084716
395111301
395998260
396376120
397985222
398312263
401029897
403786405
406298210
407921924
410929009
410960406
411502138
414192731
417657554
417979892
419073548
419316200
421842871
424453739