495666801
496113746
497056536
498202855
499279972
502884672
503220209
503677504
504073895
504969604
505180757
505833327
506108742
506642364
507087162
509689338
511436418
511832421
511970899
512400211
513216679
514921215
515885550
517452627
519179344
519255145
522069902
522416682
522766931
523739101
524767860
525446547
526234644
527026802
527579213
529343429
529373288
529474510
530500450
530648429
531046347
531923656
532177412
532235586
534563434
535734403
539997860
540421987
542605574
543436257
543594631
544145854
545387081
545708568
545859842
546863085
547868105
548958780
548997236
549736452
554853776
561667860
561897818
562762792
563326898
564182051
564640298
570379435
570459539
570578361
572995120
573485681
575174484
575604359
576441613
582212523
583637197
583876057
584823995
584910696
591584378
592823745
593154913
594073244
596017299
596338240
596391712
596443799
596750167
597233763
598559498
598722050
598814437
599388798
601734664
602691929
603234539
603272092
604091672
604268619