652644672
670996148
673224505
673976553
674150731
674878492
675122957
690281224
691432467
694365745
695186148
702111791
704024415
704183254
707225946
707287404
709292366
709518203
710435344
719661633
723828494
729404667
729579089
729617415
731339750
731793815
734334668
735031818
736636970
736715004
739440742
740255430
741456540
745035796
752821265
754540037
755626596
758398945
760867661
764059534
767516821
768252801
770480460
773406108
774020031
776210283
778013718
779068781
779554717
785110799
787270440
790628423
791353309
794217889
794885618
798517330
814293388
814366398
815249220
820296826
820415033
820517055
820520613
821191448
821849460
824739997
824777212
824893472
825624640
826022934
826230841
827988759
834294928
834350976
834355319
834437948
835761531
836851821
838498588
839134957
840292188
840935203
842180416
846756325
846778019
846853439
851404009
853029684
854205013
857553234
858556946
858571616
860772441
861064220
865517310
869494267
869522293
873729787
874184509
877707671