3096377965
3103968510
3127277808
3133310087
3133312438
3201928033
3246893477
3250151414
8054333
35837334
45892047
64537280
108678310
137343507
185757901
229209110
254337037
270263663
273122715
277570086
280336572
283329085
309984394
312253142
315860998
334694530
337677513
342595117
376064654
393419608
466292398
503204697
512732718
525353643
530876396
582365995
617040359
642359871
653847383
706318682
731491465
782351757
787023541
810082703
839848624
842012706
842473583
875753204
877623084
979796656
1044532964
1156168458
1165685009
1245691045
1297702726
1352827041
1592887570
1620968451
1655055416
1686271236
1691204248
1695847240
1752662189
1776495607
1803888182
1853816436
1931683460
1941732807
1957045273
1994801964
2048252260
2060191795
2100771704
2104223026
2119673661
2128566016
2148421088
2256765090
2262171068
2309463183
2366283196
2374694947
2411003640
2434592410
2492422081
2529805144
2534915816
2539466786
2593444513
2661189502
2672867057
2679034861
2719133445
2738026115
2764285844
2777036728
2793287931
2802289243
2810366571
2825372465