729177910
756342530
783969079
793744767
823917011
877382290
877741449
904278884
912277437
984762304
1042272089
1048347751
1059402670
1078621602
1097060326
1146649566
1146887278
1352846958
1601850146
1637997666
1643768060
1678994707
1835955645
1839383738
2906345659
2942145332
216783
301929
477446
842156
1580959
1653131
2123154
2201993
2603036
3362840
3517186
3584275
3950879
4409516
4842024
5063965
5647692
5833348
5855864
5908006
6164204
6715424
7430989
7722529
7766545
7820995
8559191
8657800
9371091
10159226
10736020
12840850
12920974
13533343
13612389
13775003
14803379
15869347
16760856
16859355
17337916
17364194
17544391
17822378
17902807
18684712
18783354
20171889
20528625
21225136
22691407
22827956
25317038
26123678
26213357
26615259
26662453
27032773
27070705
27594692
27825112
28486697
29757795
29969460
30280228
30995279
31333339
31740812
32148957
32392875
32537874
32542173
32866305
33145341