878190987
879898222
893134067
893760199
894064086
894756256
895294534
904301638
904758491
907147264
908044695
908856556
913272688
919236707
919615426
920767307
921774405
923104636
923438661
925940327
929304720
929856681
931070678
931209393
940165548
943668104
945064984
948071568
948076497
948198857
953113946
953701951
962881522
965550427
970224313
971688162
974248449
975005910
977158497
980373101
981637747
981670382
982160972
982202300
983094043
984165764
991237904
992180713
992528222
995935209
1003304054
1003944391
1005964287
1006907074
1010906877
1013821169
1014756418
1019270653
1019932641
1025280701
1025688388
1035109720
1037638797
1040618478
1053525427
1058251209
1061250442
1062209973
1069421787
1071842211
1074179900
1078965349
1083830649
1090953349
1095538258
1095812209
1105021926
1109610236
1115026801
1123077810
1125643230
1127375035
1129501514
1129782182
1130219969
1141685057
1143783932
1146059900
1152029560
1153791213
1165245870
1170761706
1176005154
1178422668
1178978463
1183034761
1193159256
1198609339
1198690918
1207927363