569829207
570266312
571300655
571969925
572078296
574288458
574503064
576316749
576352326
578105473
584257329
584322058
584491237
584967717
591523056
591771678
591974288
593319390
594637303
594748804
595030008
595124428
595176916
597100672
597684831
598137239
598250029
599797893
601403360
601648089
602217048
602595589
603333858
604109299
604369305
604659843
605043571
609580662
610560295
617314497
617837262
619192572
619879583
623124236
623538386
623727533
624851208
626682128
627453418
630174027
630456504
631711997
631813808
632606125
634060988
642691941
642996588
645128111
645142994
645816833
645838111
646381393
646642376
647937080
648241265
648782184
649033332
651561757
651642008
657526214
657579089
659510761
659885650
659890275
672322292
673350411
674153405
674380027
690456553
690709435
691259156
691302379
691405431
694910785
694943962
694957775
695642228
706790633
707294290
714165123
715076693
723697453
724110952
727451952
727723407
731258804
731455569
731509806
735031818
735643790