450671493
450855246
450940451
451088675
451537217
452320702
453235760
453636932
457235578
460548813
460550420
461337983
461873897
462411189
463153408
463494867
463572131
463997677
464828220
466294155
466432053
469147879
469297226
470038611
470408876
471265300
471380794
471473484
474796607
475596701
476690849
476859852
476962159
478207516
478829992
478986906
489397432
490970579
491397088
491758312
491840560
493613539
494273237
494536211
495174471
495556727
496103310
496887333
497558698
499027428
499821765
501596920
501980586
502147926
502614232
503527295
504298756
504387919
504632955
505951223
510434532
510473799
511723124
513525605
514093857
514576201
515002495
515259467
515803726
516432034
516571981
516574675
516645548
516770283
517182043
517334118
517428084
517551720
517790248
519368808
523020381
523819574
524956771
526069398
526234261
526686098
527895394
528445999
529156976
529616889
530623134
530865721
531611592
531766028
534837262
534849662
534850881
534935348
535908602
537525931