275663455
275752165
276319447
277285817
279485737
281241212
281255511
281749181
281766120
282391788
282678987
283051427
283316942
283682403
284238085
284827322
285093465
286003500
286068124
286670794
287230296
287319846
289471340
290554180
290615414
290997095
291864230
293306027
294732781
294901459
295871875
295878831
297170665
297854416
303582740
304700941
305053372
306201096
306312861
308493023
309422136
309468681
309489645
309748694
310029380
312320054
313042173
314750631
314997657
315183996
316503321
317105734
317243341
319223538
325167466
325923539
327530587
328275292
328907727
330315521
331329708
337364824
340350430
340458594
343413552
343555137
344046595
348540008
349622792
351208700
351308491
351345368
352065347
352495041
356304636
356452330
357024668
357725615
359911843
360128771
360158557
360427046
360590758
362001531
362319814
363732584
364507646
364554742
370414206
372176724
372607181
372817248
373183851
373399128
375012924
375155819
375802431
376468364
376518933
377769745