1024508450
1025033554
1026897036
1028805119
1029123526
1029717396
1031763089
1037079926
1040106501
1040821305
1040856664
1041145022
1041395004
1041684558
1043094523
1044128320
1048110191
1048531404
1051826548
1053428258
1054018908
1054231127
1056197960
1061023220
1064168615
1065775166
1067541544
1071842211
1072347630
1072968553
1073614029
1074179900
1074435395
1074816443
1076162336
1076234792
1083132260
1083809097
1084742864
1085650959
1085686790
1090009576
1093608617
1094893933
1095538258
1102410359
1104451119
1104833186
1106473399
1109045164
1109233902
1114635576
1119725719
1120321844
1125674862
1126811042
1127375035
1139835668
1140537678
1143751561
1144596723
1146059900
1148959869
1151103636
1151955525
1156558346
1164731706
1165349491
1172405679
1172813500
1182440168
1182763845
1182771080
1185194953
1186138008
1191082671
1192753302
1192811741
1193188998
1198251984
1204009524
1207793614
1210053781
1227542034
1239087052
1240018639
1240766406
1241797306
1242468651
1243765702
1246430109
1252246084
1255748699
1256890302
1258391851
1261061501
1273626616
1274383232
1276944877
1278823650