472491873
474280618
474796607
474994965
475247618
476178824
481447021
491064528
492269832
492889288
497854547
498360897
502307965
505280793
505306905
507235376
508053593
508186203
508529328
508956673
510628033
511689387
511700605
512330578
513154730
514883964
515150247
515311822
516271292
517268216
517962872
517970869
519386076
519783651
522593676
523582268
523900958
526160818
526181254
526242814
527396960
527456858
527519038
527800605
529217813
530350457
530460481
531071868
531595819
532339783
534085415
534650757
540618729
540856684
540909259
542183632
542755568
543101607
543440517
543968675
544163946
547163124
547271756
549180136
554801248
570098645
571379891
571982675
573914025
574667714
576996933
577559675
578516972
584899928
591955303
595001769
596010522
596593526
598302116
598685069
598759232
599018489
599177407
599872835
602717467
603062879
609638440
609901426
610101497
616502824
616960247
619285339
619706420
623677393
632253103
632840043
632975125
642766498
644714870
649208969