449246075
450240086
450412755
450692415
450777857
450883722
450991392
451575812
452386006
452466465
452675792
452686200
453286733
453450417
453849561
453958542
453977795
454365472
454940502
455161149
455325472
455519323
455844659
458739816
458921576
459316442
459335579
459886076
460701932
460963003
460966421
461316195
461607584
461983862
462461568
463085883
464347054
464911859
464933149
465210249
465261755
465373597
465417918
465927625
466099369
466187818
466497772
466679304
466754356
467168132
468909119
469927212
470326051
470761311
470981815
471213677
471432083
471744006
471749024
471833602
471852962
474796607
475721511
476604781
476665590
476682532
476845820
476937445
476972774
477894791
478930947
479987605
489492688
489689947
490161232
490674693
491435146
492185506
492538242
492568594
492784348
493635978
493982829
494093723
494273237
496523081
496764519
496840547
496899948
497007889
497587772
497666363
497733454
497773427
498936136
501216016
501859704
501868293
502614232
502774459