1260398306
1282718019
1285699344
1286602502
1290191522
1290668918
1294029354
1294186563
1294272343
1294466215
1299455800
1301853605
1303004386
1306258798
1310124291
1324162973
1328896203
1344762599
1346956165
1354614811
1364965276
1367656119
1368793204
1375265420
1416801145
1421078079
1426774037
1437335561
1441647120
1443670691
1444313182
1451767828
1452032548
1454484984
1459297407
1461661148
1465595678
1469387971
1470644320
1471902979
1476108420
1481622346
1490321867
1499508116
1500086183
1504338691
1529894915
1530798290
1541561712
1546156488
1550749313
1551955185
1571676232
1576538542
1580591532
1582287058
1583425717
1583601248
1584371000
1596071466
1603668682
1612481720
1614164200
1614660276
1614762459
1633787538
1651837844
1691509003
1711176785
1720469297
1728717102
1740855080
1741582751
1759956358
1771653246
1784656675
1785835619
1787845908
1789566988
1801142133
1802044868
1803697191
1804004195
1827232691
1836041190
1836419002
1845143416
1847571270
1853297567
1853370397
1873480080
1902182625
1902483683
1904754615
1905494977
1926201466
1931754557
1932595549
1948014573
1961587680