1030248566
1032116580
1046031534
1049633511
1052998820
1054180942
1056705691
1060351923
1078140830
1120817324
1121854551
1125591642
1135764698
1136174902
1140643290
1145692957
1172509082
1178457395
1191201740
1192938395
1193015748
1205280873
1226347382
1246354142
1246502460
1258104023
1258159099
1278603378
1280911889
1302903044
1311200968
1323960002
1332413447
1334209961
1335274102
1348165498
1351738400
1374349370
1393222756
1406067781
1412460900
1422911090
1428298499
1433120587
1440239101
1441237759
1448332446
1453190815
1458156607
1461135491
1463000155
1471769296
1473744601
1491443626
1531148029
1539968337
1540052805
1546104359
1546988525
1553253065
1557978139
1563740051
1569466850
1579345081
1580208311
1586276109
1611447224
1620968451
1628860937
1634268798
1638192483
1641355042
1641486886
1642790109
1647189524
1647320889
1648498402
1654188193
1660180651
1662919214
1664398352
1664913450
1678485792
1685588685
1693040378
1719018385
1726356014
1735671089
1738335363
1743759928
1746668904
1747021533
1747033505
1749620235
1750017963
1752897651
1758803779
1770086692
1770751390
1780363882