121785506
123230802
124190119
124409509
124569820
124939747
136175095
137764321
147467050
149237660
149254244
149581533
149957836
153748318
154391099
158222693
164048513
164764033
170143103
172101707
172202342
172533270
175600973
178494639
178818073
181285552
181948229
183196445
184286690
185126311
185501926
185655440
190276372
190641115
191801945
191914014
192228567
195017185
196310985
203139738
204238411
204280230
206461637
211403586
212876270
215424195
215426884
215600094
228800984
229168122
229464763
231865212
234333461
240432682
243194997
243700597
244947002
245271839
247341650
247594959
247975945
249107704
251578603
252272270
252377578
252571288
253198070
253371458
253690670
260000069
260130054
262680176
269241343
269267199
269608202
271731301
272674802
274268296
275313576
276097765
276841922
277854826
278742123
279918016
281135163
281570733
282105545
282165406
282606454
283257477
283259481
283885614
284407716
284948312
284968173
285128891
285357453
286298602
3215594449
3480923826