1141936692
1142813987
1143223508
1147175404
1151591562
1156624900
1163636537
1164121422
1165958819
1170457006
1170747374
1172779263
1182763845
1184556590
1192755898
1194818526
1194972457
1205196181
1205932325
1223121746
1227320060
1229315466
1241738992
1242791389
1243155858
1246779910
1248457809
1250388137
1251980799
1259744716
1278255347
1281770625
1287071330
1295534111
1297605158
1299527059
1300214013
1312233838
1324331645
1326819588
1335573703
1335893083
1354359809
1357101989
1360066485
1363319646
1365311204
1366030303
1368753921
1369164215
1369941906
1374675146
1376293755
1398006105
1399405857
1415830707
1433066615
1435150664
1445037280
1445261359
1449963357
1456733414
1459765322
1460471981
1484688212
1515098476
1515320500
1520116735
1530396698
1534485735
1554741306
1556252057
1556631337
1562485651
1571940832
1579934902
1596213484
1621110942
1637429218
1655862155
1689109453
1689688415
1710577531
1713338749
1725639936
1735267445
1738382706
1741122766
1747707336
1757381393
1760353925
1774061108
1779588211
1794258470
1796584648
1797736749
1812185584
1820187986
1827797804
1831519074