1316924369
1356234033
1545251527
1620968451
1647575080
2501104374
2541808188
2563313507
2830796536
2842921978
2940489837
3133757099
3193068779
581218
1464707
2033397
7808118
9748527
10054144
12134760
15275836
16117429
22715414
25070979
31337299
32866305
33291722
35398449
37272712
44691839
46659779
46893115
47569175
49537438
50788472
51782840
53230667
57089288
59987571
66676416
67827588
75776486
78910269
81030067
82512381
85700404
88976266
94370261
101639452
103334543
105719668
107157598
116261013
124915857
125249133
133115686
137283906
137390202
138612093
148284041
157408648
170167747
170585051
179733893
179829112
185715369
190236660
190977598
233282665
244132830
244546704
245671272
247397861
254973421
260607245
262022109
273972313
274927064
276107351
277138919
277510937
278386373
286133793
289679323
290846300
297889588
305240756
305838244
310394364
313406635
313861181
314325922
317360476
317367149
331039000
332824719
334910151
348365549
348642422
351384110