1834239567
1847438125
1871195310
1876758695
1903470617
1905691720
1905749731
1907997591
1912459005
1913729732
1916937361
1924971704
1941118990
1943249669
1956791315
1967525863
1983879246
1985222151
2019034517
2027214720
2041342354
2050223837
2067155159
2116347334
2206967216
2209053356
2212138274
2214945054
2220623849
2232333027
2235592849
2273075043
2274398196
2287979699
2290270809
2292427185
2296989870
2332984166
2335873253
2364310633
2369513177
2377079705
2390628754
2397126898
2411947424
2423868991
2453338572
2499104608
2505449248
2506707771
2507069128
2580381561
2584478162
2594357997
2598126873
2625656412
2642320684
2658509610
2664679924
2665083285
2665705304
2665946297
2667626602
2672535641
2673930265
2675216282
2679569216
2690044102
2691115405
2692319588
2692612336
2693278962
2693451686
2715026620
2723941799
2804441634
2815088424
2819239007
2830250596
2853298650
2853298651
2853298652
2853298653
2853298654
2853298655
2853298656
2853298657
2853298658
2853298659
2853298660
2853298661
2853298662
2853298663
2853298664
2853298665
2853298666
2853298667
2853298668
2853298669
2853298670