1059402670
1060589311
1076847643
1096295523
1103974637
1151086145
1152983648
1162337414
1196186579
1203265193
1247682073
1276602488
1299831909
1302130289
1356234033
1421048712
1459485565
1493866586
1499551866
1548258042
1620968451
1656800797
1660180651
1677822767
1785596699
1815827784
1930528580
2067188056
2251154391
2292675685
2315862876
2380755698
2381720694
2453819097
2487933771
2501104374
2563313507
2640979657
2646133350
2718420855
2775894915
2803863408
2805350199
2811773040
2826192955
2890372341
2940489837
2983826786
2987910696
2995135615
3193068779
3362474973
599065
6725880
17498379
21676131
23315572
24826335
25155089
29133387
32034228
34173684
37874915
38531357
42145100
47751366
51958195
53918812
67668277
69270978
79946606
81409437
81479360
87039020
99901616
104420360
106523105
106640564
121544755
125159993
136443800
137438630
151799685
153261695
156474436
170025144
176866449
190851308
203841806
206604750
229739758
249018889
249939291
250531826
254497925
269864446
271420509
272392949
273580251
276210019