33474265
34529700
36015243
38581942
46531876
48667292
49934561
50788472
52058482
54472262
56038329
57778373
57797128
58089108
59862195
63662500
64350213
65425798
68570527
76841498
81299881
85305677
86971208
88133306
93776575
104745098
114943817
120908621
122132246
122359946
124560324
125360544
125939037
150049902
154793101
175444619
182476657
182809084
184986494
188066588
190929745
200766326
215842320
233315933
236821289
244132830
244320694
245671272
248344728
258463889
262022109
262433430
267023766
270892443
271728438
272489460
275842158
278821142
279331555
283716698
284214525
285836159
286211110
286876260
290704234
301069374
308165674
310394364
312232496
327607289
331860903
332592267
334542531
335453437
337141867
339352427
343353566
349647699
350160114
350840005
351941990
354337051
354539451
357048595
359592540
359805851
365664369
368262425
372700322
372925976
375549661
379493775
381723643
381866379
385103792
386109153
386116171
395054793
395123562
397763409