153986931
164356332
170382167
171890219
173218823
173861393
178379333
181980581
183145078
188442201
191872352
196568926
215330669
225427232
234329014
235617019
240621750
240788254
245454329
245724156
247001518
248654432
249454484
251353985
251647673
251946255
253149523
253425150
253758580
260383905
260578516
261895635
262675866
273159158
273955586
273970865
274940275
275625815
275949255
276732520
276800470
278173722
278299899
278535036
279126192
279152795
281636835
282638731
283716698
283797351
284068476
284724136
286063609
287518958
290704234
291773852
292507561
292722527
296513833
296908037
297274725
297480820
297499509
297860346
304050645
304787500
304931378
305063291
306032269
308156071
308344284
309178936
309286601
310722324
310883473
312167400
312412063
315200587
315223553
316036253
316803915
317343484
318050790
318066089
318112937
318153693
318202530
318218610
318221016
318226693
318239015
318383900
318385790
318506377
318518027
318586378
319022883
319031272
319103261
319175289