398444133
398503637
398966598
399981966
401255419
401766423
402041116
402323446
402578676
402722100
402959864
403798947
404699010
405149426
405400711
405697132
405865689
405891952
406453215
406785617
406855290
407236550
407478533
407549091
408121091
408653626
408708447
409482241
410391711
410686639
410975285
411040537
411499166
411605571
412083497
412140891
412212395
413079669
413523285
413643605
414714903
415262724
415262837
415284021
415369149
415403635
415778346
416048065
416275336
416756182
417172000
417577854
418216280
419232429
419377938
419437095
420504638
420565988
421380981
421448621
421511375
421797409
422014448
422041604
422066023
422471984
422844814
424529503
427725698
429005826
429296668
429715463
434671558
434915977
435006741
435853798
435891087
437934268
438211680
438456523
441605984
442447521
442688622
443671577
443697078
443746567
444193936
444215079
444904961
445206544
445698784
445792242
446009096
446025495
446766386
446813671
446989499
447998636
448407804
448575945