286031008
286207753
286477040
287103719
287449449
287714950
287778327
287877983
289646762
290403165
290467229
290562077
290632072
291885390
292918565
294187898
294702711
294775135
294822004
295128709
296420067
296468450
296939295
297376342
298023628
302612313
302873837
303070162
303315941
303352281
303450278
304035698
304050645
304293800
304678676
305010891
306647881
306657418
306988708
307056910
307222280
307455503
308069835
308174661
308217200
312212988
313056732
313117822
313325076
314131107
314641784
315287804
316300564
316571048
317911753
317933147
326726393
327432604
327651293
329047527
329357351
330167285
330361663
330518222
331357194
332330500
332435369
335388770
335797721
340390978
342201020
342488035
342595117
343334982
343601711
343716106
344248478
344548215
344650863
345121255
345505011
346127139
346782304
346904032
348537594
348568270
348709209
348912304
349556244
349789665
350393513
350809116
353354525
355360557
356322117
356413359
356524347
356539573
357252345
357447220