790164288
790291386
791392542
793108962
799983100
805148830
806250082
807575414
807640362
810078973
812002994
812748621
815530805
815773963
815967825
819300689
821361398
823042759
823964787
824430616
824815994
826352704
827403972
827527590
835273473
835737058
835870483
835961844
836410105
836606592
837365354
838409359
838604634
839480302
839526040
840264325
841113061
841466119
843343088
843435445
844636404
845202154
845289420
845299257
850282762
851386031
851538305
852443127
853327449
853697646
857298929
858749134
862902985
867232941
869302444
869550678
870527013
870575220
871161854
871179846
871729378
871757328
872722013
873637746
875243178
876005453
876115331
876430546
876605800
877012516
877236107
877714132
891417717
893063880
894683247
895278773
896459057
897015620
897068872
897105593
897978173
898278571
906962288
907101113
907442101
908076744
910451337
913223529
913517129
914121071
914718407
914910339
917757485
919843794
920432104
920485210
923846392
924786748
929609479
929847739
930327748
935570260
936092441
937903613
939740372
939842444
939919792
939946039
940058518
941179746
942309307
943588680
945350331
947339103
948616277
953215711
953419356
953699586
954092924
954580305
954734771
958166735
958435136
961963607
962138180
962167464
962806029
964171178
965268428
965893254
970811380
974642887
975175017
976506665
980008480
980384920
981091447
982491707
982592106
983177102
985392290
985566743
985971400
986271053
987221904
987976674
992574149
993934060
994831082
995206971
995401745
995522249
997582974
1003067545
1003820659
1005267980
1005497238
1005744357
1010031141
1010046446
1012267292
1014144009
1014189541
1014420384
1017751573
1018455294
1018514049
1018516519
1021982703
1023190198
1024330529
1025446442
1026104300
1028545407
1029530271
1031764104
1032998251
1034267269
1035311366
1035373456
1038483640
1042133635
1042169139
1044358111
1046186166
1046387905
1052829319
1052830639
1052998659
1053441942
1053467804
1053477920
1055772517
1056647805
1056928185
1061324924
1063509542
1063538324
1064183647
1064550456
1065714307
1067167893
1083035960
1085351966
1091341623
1093380424
1098259248
1101145872
1103674090
1104521757
1106693054
1109533554
1124542349
1126110876
1129865150
1131557608
1132547397
1137908189
1141246159
1150900790
1152422942
1157856585
1160827961
1164731628
1164783944
1164963076
1169288589
1169650130
1178455618
1178606244
1181367156
1182944028
1186407072
1193832390
1194362175
1196564296
1197055664
1197132927
1197525708
1203292402
1203502038
1207171212
1228783534
1240956041
1243847433
1248995072
1250895486
1251337793
1251779823
1254586112
1269154378
1270333540
1275862117
1284999247
1294077153
1301699987
1324109598
1325303590
1326233993
1326364766
1328802853
1330363063
1339825822
1355393324
1360213068
1366975320
1390555744
1398490668
1404049502
1414295981
1415035230
1415316776
1419974882
1428440767
1429237636
1430592695
1448363866
1449907467
1455662664
1459406582
1464448908
1479236626
1499813363
1520884123
1522508349
1524413566
1529639838
1538304668
1540948039
1542378376
1547579950
1549141734
1552063575
1552406404
1554756200
1561300334
1564335717
1565903092
1569462195
1574585720
1578514931
1579407228
1596882248
1603873274
1617037148
1625129818
1634741668
1647923045
1649967644
1652250005
1658813539
1664762390
1669081909
1677484588
1679503057
1683968457
1686720359
1691639892
1737914495
1746921218
1756577729
1770874195
1779250409
1793788656
1797269582
1799372702
1813306965
1822798222
1823247121
1829074988
1844978008
1849911705
1876717021
1904671957
1931268928
1956512079
1969696226
2011056848
2048848616
2049816908
2053361179
2074963352
2220715027
2234535790
2246721478
2274373284
2287647390
2289029902
2293581162
2294155077
2313271435
2313503616
2323854621
2357744733
2383672341
2410333084
2426458283
2431751416
2435757212
2479708122
2498880182
2498941514
2501857856
2511062881
2533208855
2536057360
2545954828
2554671636
2602168168
2655875030
2681413521
2697311750
2697329670
2723953060
2745397427
2765888017
2781938365
2789567486
2795779673
2823291578
2849276474
2920158608
3046626075
3056186030
18651121
22957329
28334250
34010499
53642090
124116272
155282540
184936559
200870257
250510164
273644950
295838013
315413952
330636034
382629463
412741588
422069472
493558416
498401083
526928355
527008615
540397154
545375260
574708946
695162718
715843176
798710960
824156830
919502462
1085188477
1090847971
1354537811
1402329096
2265389874
2311685412
2449983102
3248745644
3406294958
4147229
4453020
6566141
17673136
32410953
35266345
36246191
40242387
41418987
47621622
50686841
75558987
80630816
81172992
82623394
82829187
86393787
88460614
117127831
148405873
156888175
171279072
176232327
231689315
249616446
249676930
270853948
272392949
277737789
287793234
295784512
314540341
326513997
327268503
357751310
359805851
361390580
362062203
364425668
366301322
369425876
369972112
380201702
401892268
403332280
405393962
407073472
407698001
412279566
434312384
444533839
451071451
452649209
459826218
463066281
463688602
470395458
472395800
473481588
476718910
513762260
517100570
517360684
526567149
540397154
542183100
543729791
578512207
584549874
592883054
598024474
627511203
627673127
642706051
656729350
664208747
675617623
676236864
691548059
736832342
744190061
744195652
750316830
759806471
768176106
775482731
784825265
785453375
787054093
798937842
819455764
823081137
834494294
846876472
854165950
854681017
910088140
924387147
937770316
948219632
960511387
970582664
971339164
977690488
978390468
1009367760
1020473215
1024681419
1033229403
1056019595
1069722434
1074665725
1085367909
1091459197
1101270347
1120296811
1129154173
1143628741
1158125984
1158208866
1169637483
1173901464
1187598129
1209159707
1227326957
1228639090
1274395126
1294385507
1302251551
1305807793
1378643392
1414028616
1464524904
1507241934
1508155458
1580506003
1584761518
1635103961
1664818101
1771972654
1817385017
1870391814
1937084910
1987934901
2034471918
2067209356
2074180451
2212231055
2248054438
2317432869
2419086770
2443144761
2504383681
2509773972
2578117160
2581535081
2581691278
2592435599
2630375727
2723332922
2810763235
2889356394
2939466762
2968401408
2970308919
2992378758
3285882548
3408311885
2646535
4487303
27070705
28696406
31662704
39397731
82275741
82530788
124116272
124558424
125383374
150068174
154760222
156055673
190737545
196209176
231664388
245349698
273644950
291308810
303152917
308488971
313227728
316361240
344019380
350133305
350363932
352138075
354311679
360821489
364575152
389437623
390669160
397652501
399578669
405656228
411369541
411503662
412741588
413255060
416729844
421418259
422069472
425812392
429376451
435230941
452658992
454262360
463167223
466128974
469710910
475033544
475655564
489349350
498401083
510520413
517865181
519916684
523461743
529166826
529263071
529977451
530961047
532347937
540397154
543122087
545375260
547812895
569304567
593822761
602997496
605947793
610155107
616058127
616612217
623212436
641878560
690533926
695687458
715843176
718134381
723209936
728465101
752475183
754279245
778065156
779233118
792758508
825469309
847690686
864508099
867598852
869534476
869861427
939762417
958166735
961406565
997333878
1015779884
1034577578
1105327867
1136807855
1140169184
1146887278
1151086145
1164329291
1171508113
1224958466
1258727899
1272553907
1315897237
1354537811
1364049796
1417014757
1446693744
1481982096
1491753182
1608409379
1678622801
1968489092
2290355733
2293950545
2457791356
2816198106
2826635992
2959652516
3076161369
125258
1464707
2025443
4513510
4838514
5602284
7836938
9768439
12036753
15094644
20856140
21022657
22732224
24889263
26173839
27733218
27909824
27939000
28209223
29564366
29575907
29746547
33692564
35939570
39385072
44480372
45892047
50708290
51564256
51728733
56175911
58335821
58603055
61013234
64004778
67589989
68570527
76489366
76841498
77622679
81076121
83565210
84323798
85503938
87520030
88466442
99501616
100810825
100987684
107937172
110033892
110161904
110498565
113531414
120035235
120263175
120454013
120908621
122603474
124116272
124800108
125568345
126644938
150798181
153697026
176582262
178305390
178841572
181352445
184109287
184674762
184806776
185492847
188698783
190112949
190277347
190929745
203246640
214955705
215842320
223010792
229721897
232777098
240370107
247221744
247631263
249577455
250014128
250762874
251125326
252928682
252973281
261416295
262043614
262433430
270913339
272428835
275387465
276655027
279615150
280484068
281135510
282157540
282166627
282699035
286569647
289967998
290007092
291424589
295222383
296471339
297970025
301069374
303101383
312987210
314941428
315860998
327472672
331985758
335748265
337677513
342021145
346023363
348464565
349166785
349234677
349724793
350160114
350930418
352265268
353532257
357902549
358066972
359805851
363858209
371184312
373403652
375240303
376203904
377823360
379233568
380505265
381143702
381655539
393419608
393589982
393916576
393947874
397184668
407681191
407698001
407957116
414406685
414630094
415623866
416215883
416399930
417934588
422670755
422905275
437416348
437586286
441357747
441386765
445094277
445313238
448803465
451073991
453996983
454281038
455201912
459759653
460294960
463268136
463755158
464404897
468207317
469182083
470590733
472244256
474527169
477916458
490864995
491361379
491385170
493144710
493491369
496676480
497590870
498395502
499094699
501783790
505427250
509496729
512925822
515158495
515683802
522621734
524637998
525112400
529999171
530710363
530953688
541460557
542903154
543256957
543326662
544199193
544464942
544511876
545942579
546466353
554010614
561412564
563149027
564189602
565117688
565280653
568855965
569541006
573458218
574863541
575950325
577062256
578074239
592733914
594364090
596319962
597590735
602023663
604026584
609406648
617114799
617951810
619308416
632536270
632956810
641814489
644658471
646651846
651416554
664022374
675015558
690284435
690580054
690942522
694704324
694977701
702089673
709829545
723417006
728261966
739940557
744195049
744345156
745244716
751978277
752470785
760316457
760985793
767566146
767705999
770065467
772775828
775427640
782598298
783863332
784439122
784904515
787023541
806438156
806463316
821490907
824077945
825213999
837795571
838797226
839381143
841497696
843495665
845264266
848922641
849402265