147282259
148060754
149461590
151093229
152901423
154092733
154097877
156310718
156374853
156776891
157300702
157926004
158819428
158941652
164225444
164940906
164987329
165138059
165280462
170294537
170596135
171665626
172804464
174028194
175752894
176390443
179981522
181064895
181754096
182455777
182869234
183070644
184624547
185631453
185728643
190590043
193280259
193520384
193693167
195070523
195899434
196819637
210095712
214755632
215754284
226414091
228140956
228725369
229526937
229654734
236245391
236795663
236956349
239129440
239261097
240998181
244285705
244912074
245444194
245741754
245819829
247247184
247443286
249228217
249820346
249882930
251480334
251696038
252377608
252556014
253149154
254273824
258283828
258811640
258987187
260183659
260191007
260313885
261145481
261159687
261503018
261777508
262004818
262378355
262905632
263050749
263995081
267261248
269029045
269456786
270779953
270861584
270893370
271621291
273767975
274420299
274496352
274652568
274695452
274827771