33294983
34511933
34664350
35820304
36298467
37144943
37179846
37715904
37996693
38037967
38062917
38348744
38493781
39329287
41398832
41723544
42341543
42684249
42949494
43450237
43459800
43620364
43928720
44348647
45258119
45314259
46651995
47283600
47659699
48605280
48701283
49264874
49404388
49531411
50155692
50302024
53100249
53114311
53868740
54514854
54852649
55590484
57300646
58242108
58896063
59547727
61480649
61529200
64391653
65077420
65296827
65415800
66377821
66469106
67185559
68035063
68075802
69175981
75171980
75299335
75679847
75863712
75939759
76138619
76160911
76795899
77823998
78553805
78709773
79073938
79094367
79329180
80279066
80475937
81629323
83201079
83253336
83395818
84173630
84591068
85480953
86482557
86719752
86729934
86932634
87279810
87648541
88353090
94778968
97659164
99312667
102175272
103187287
103432390
103549344
104952390
105359353
106571866
106908846
108483583