1781040756
1797317988
1805553115
1807986288
1814692008
1821561000
1825168883
1829698883
1833883099
1843110378
1870738266
1875047816
1876268886
1876418291
1902064261
1905006829
1905305495
1905774636
1907751763
1910880449
1911415722
1918500259
1918500919
1918520157
1918557752
1918558979
1922841142
1926265133
1933768558
1936506219
1936898728
1942860564
1943152212
1950657395
1960618278
1969607758
1972316705
1972816693
1979660090
2016785335
2054709224
2107842874
2132468786
2145380338
2185505246
2196647055
2217128644
2219553381
2227876719
2228490554
2228516147
2232345113
2237501946
2240049445
2240476160
2241904786
2248541746
2249351095
2249645935
2270975703
2274914721
2289144350
2289522922
2297568154
2298027869
2309739138
2314002024
2314102374
2314169372
2314393974
2314664083
2314717472
2314719450
2315006625
2315044807
2315170370
2315223340
2315253243
2315749867
2316544105
2316765478
2317219761
2321654737
2321811779
2321845219
2321901692
2322593882
2322658506
2322819275
2323463262
2323571381
2323748514
2324246360
2324877660
2324956231
2328611216
2350189860
2350221270
2350226094
2350261563