2633625802
2634052465
2636284083
2640913983
2650141198
2650493959
2650949394
2655767354
2663718508
2681909139
2692802690
2700044456
2715088052
2715362336
2716778487
2725056250
2734929482
2747599136
2764954764
2775871401
2788153779
2790529403
2791203804
2792515759
2801271389
2801871261
2817482924
2820550253
2826149647
2827696122
2831508727
2867775343
2875503840
2876199948
2878451086
2898079683
2903450058
2909902208
2913252577
2920689385
2922548897
2925558706
2932518043
2932985374
2935728149
2937340343
2940478551
2942038551
2954068261
2956524120
2965019491
2966575166
2968969633
2970256770
2970774824
2974115119
2990125464
2998581674
3021396843
3021987908
3025852110
3029280010
3038232768
3039049721
3042259390
3043722232
3051079775
3052748622
3063837331
3064724506
3069476950
3072362140
3072551509
3086004864
3086809846
3099588783
3101845188
3105064993
3109351916
3124538554
3125595338
3143869473
3144705908
3178301035
3183219413
3187814967
3188940142
3189105439
3194496946
3200789005
3225581630
3227701186
3237797773
3249353050
3251303535
3254478841
3265151416
3277098125
3284190029
3291575640