574245143
575220818
575762433
576271885
576447092
576777091
578079395
578812301
582471714
583716856
583898476
584820603
591453020
591938246
592080668
592967636
592988761
593125244
594612227
596742140
597173531
598578691
601279749
601417946
601549167
602279974
604410958
604713896
604927297
605230188
609371236
609690898
610174002
614707966
615516195
616279127
619569717
623101305
623162108
623538386
624822905
625590785
626152000
626556028
626574421
626923324
630315666
631677875
631776510
632167047
632654184
634869785
635215739
635299924
641614065
641736764
642208097
642572998
642603752
646165324
648265188
648475659
648496801
648514410
651748506
652393220
654400649
654882394
657004877
657847193
657896984
659612965
663769615
673249258
673387898
673593441
673661935
674317452
674406442
674713889
675206364
675452069
676649218
690145589
690465549
690639636
692996253
694734579
695476127
695521060
695906860
703505139
703909207
704139827
704493615
704540131
704647225
704962086
704964043
707458089