952889820
953636098
953929066
954098945
956041676
956624768
957312361
957839589
958129718
962296367
962806029
963675035
965013647
965262481
969234874
969343897
969721643
969992707
970228471
972351947
974476886
974710064
975760691
976167959
979004891
979402984
979526764
981091447
982465590
982814880
983177102
983613368
985218924
985566743
990223010
990650819
991012897
992928574
993857162
996827980
997320203
997619593
997697171
1002168795
1004318075
1004591080
1004609652
1005267980
1005283107
1006927884
1009433099
1009843094
1013839836
1014185428
1016586504
1018652653
1021618130
1021801370
1023455528
1025859765
1027163406
1027323804
1028545407
1029763515
1030549045
1031507859
1033159943
1034067653
1034800212
1035981324
1036262842
1036611601
1043834110
1044707110
1044829318
1045139036
1045441507
1046000555
1046136127
1046670859
1046911050
1047982707
1049418497
1052269041
1052829319
1053256502
1055764709
1057542285
1059115743
1060507512
1061263867
1061910719
1061997011
1062617142
1063223718
1064248664
1064701668
1065272017
1065982429
1066353876