3306095868
3331206963
3350425304
3356915738
3364758312
3378424325
3380676243
3390652018
3406680449
3408614649
3437784124
3449647524
3454271619
3455076933
3465115784
3485443818
3495325781
3495598135
3498407614
3513043924
3530161681
3539221397
3545774304
3549671810
3550318823
3552247835
3559306069
3580046080
8710494
12377110
16589147
24471996
31321686
46340162
48942047
56208738
65593871
68461175
84608501
97274048
99754810
118143845
137527263
159019764
171663523
172839604
173937840
215224867
249935251
250938515
253225483
278244180
287451996
308336614
329097257
339045994
342969164
348810646
352881067
365442649
378784655
379234281
407698001
409344716
414799805
415288898
419062564
420848507
429172760
429536028
446138719
452758769
454401616
471644434
490864492
491744480
517300135
529920380
540397154
550462095
591449981
592651443
598974005
627236663
632181649
676702770
734593785
736002963
744086676
806500664
825408485
853677597
872408555
873618983
906675511
906675756
911487540
923370145
924301007
934369098
972494053
1035456227
1083287773
1150456278
1261896644
1334824984
1421985631
1558469852
1559037273
1754734459
2085889773
2129344778
2602982784
2609176266
2659327750
3119784526
3279942
4782401
9846726
10002840
10183715
11176042
12733812
12905495
13481672
13570673
13737182
16019884
16874532
17492117
17946626
21827268
25856217
26044659
27539937
28045072
33606636
34488355
35170594
37146031
38586648
41549652
43667374
45355828
51397066
51539923
55561699
59697115
61186307
61190229
61195015
61203269
61203882
61207710
61218933
61226932
61227621
61228786
61228969
61250060
61256391
61256836
61257106
61258709
61269312
61310701
65339047
69069082
71148951
76129063
76838230
77106676
79055272
79155380
79232825
80581910
82738908
84770508
85798786
86743611
86971208
87335948
88521580
89906610
93867351
99367398
99501616
99711488
102907176
105157179
107424174
113734661
114562618
115499185
116653440
120251354
122289205
150351452
150447634
152060377
153986931
164356332
170382167
171890219
173218823
173861393
178379333
181980581
183145078
188442201
191872352
196568926
215330669
225427232
234329014
235617019
240621750
240788254
245454329
245724156
247001518
248654432
249454484
251353985
251647673
251946255
253149523
253425150
253758580
260383905
260578516
261895635
262675866
273159158
273955586
273970865
274940275
275625815
275949255
276732520
276800470
278173722
278299899
278535036
279126192
279152795
281636835
282638731
283716698
283797351
284068476
284724136
286063609
287518958
290704234
291773852
292507561
292722527
296513833
296908037
297274725
297480820
297499509
297860346
304050645
304787500
304931378
305063291
306032269
308156071
308344284
309178936
309286601
310722324
310883473
312167400
312412063
315200587
315223553
316036253
316803915
317343484
318050790
318066089
318112937
318153693
318202530
318218610
318221016
318226693
318239015
318383900
318385790
318506377
318518027
318586378
319022883
319031272
319103261
319175289
319212219
319257537
319296137
319508373
319519021
319977390
320012396
320193308
320210998
326591301
327180932
328099565
328102759
328200242
328236101
328464903
328972878
329152836
332579299
335326175
337017892
337599180
337659105
343781033
344641008
345394769
346186897
347818980
348214763
357325023
357624354
358108542
358806989
362122651
362429374
364077487
365503027
369043525
369077561
370270521
373221810
375255495
375321809
376618110
377526706
377933626
380605233
381309502
381392842
382216224
382372605
384668776
386638858
391498808
391596304
393113244
393155101
393280238
395363851
395729395
395883114
396045453
396233787
397763409
398633565
402485647
402502103
403668915
404874073
406314584
409446554
409815163
410719022
414401568
414419003
414438608
415110118
415766567
415982004
417979892
418767017
419228819
420280303
420636983
422670755
429711503
431049480
439268304
444649151
445025640
448815902
450797832
455837611
460132365
460611015
464859811
468858820
469065251
470285363
471586798
472491873
474280618
474796607
474994965
475247618
476178824
481447021
491064528
492269832
492889288
497854547
498360897
502307965
505280793
505306905
507235376
508053593
508186203
508529328
508956673
510628033
511689387
511700605
512330578
513154730
514883964
515150247
515311822
516271292
517268216
517962872
517970869
519386076
519783651
522593676
523582268
523900958
526160818
526181254
526242814
527396960
527456858
527519038
527800605
529217813
530350457
530460481
531071868
531595819
532339783
534085415
534650757
540618729
540856684
540909259
542183632
542755568
543101607
543440517
543968675
544163946
547163124
547271756
549180136
554801248
570098645
571379891
571982675
573914025
574667714
576996933
577559675
578516972
584899928
591955303
595001769
596010522
596593526
598302116
598685069
598759232
599018489
599177407
599872835
602717467
603062879
609638440
609901426
610101497
616502824
616960247
619285339
619706420
623677393
632253103
632840043
632975125
642766498
644714870
649208969
649228902
653124628
663140639
670465804
674666433
675122957
694704324
695021894
707060412
710469216
714522876
724457365
728313021
731835001
735753273
737758244
737842859
742903230
743372443
746241900
746364146
746504944
746686652
747767832
748997415
752373472
756019790
756463977
765110871
770630216
771662502
772969304
780894361
783477816
783693184
784684702
786382973
786525205
786595167
790690213
792383072
793393548
809200531
809506158
811408754
812707609
825658965
836881975
845947027
846292352
846481464
848847760
848849897
854603011
854606282
858994649
859592395
861599550
864531442
871792514
872713977
872932528
877253076
878108743
879833478
892301175
906812916
906997982
907912988
920981192
921063683
921551839
927016169
927136107
927198978
927236361
927253905
927339853
930982265
942625099
943638892
947504843
956335183
956376916
957701191
960237650
960256832
960272829
961928112
965759073
974221801
975049868
982303071
983271198
991672730
1007660136
1013939787
1014765345
1025959318
1030132038
1030248566
1032116580
1046031534
1049633511
1052998820
1054180942
1056705691
1060351923
1078140830
1120817324
1121854551
1125591642
1135764698
1136174902
1140643290
1145692957
1172509082
1178457395
1191201740
1192938395
1193015748
1205280873
1226347382
1246354142
1246502460
1258104023
1258159099
1278603378
1280911889
1302903044
1311200968
1323960002
1332413447
1334209961
1335274102
1348165498
1351738400
1374349370
1393222756
1406067781
1412460900
1422911090
1428298499
1433120587
1440239101
1441237759
1448332446
1453190815
1458156607
1461135491
1463000155
1471769296
1473744601
1491443626
1531148029
1539968337
1540052805
1546104359
1546988525
1553253065
1557978139
1563740051
1569466850
1579345081
1580208311
1586276109
1611447224
1620968451
1628860937
1634268798
1638192483
1641355042
1641486886
1642790109
1647189524
1647320889
1648498402
1654188193
1660180651
1662919214
1664398352
1664913450
1678485792
1685588685
1693040378
1719018385
1726356014
1735671089
1738335363
1743759928
1746668904
1747021533
1747033505
1749620235
1750017963
1752897651
1758803779
1770086692
1770751390
1780363882
1781040756
1797317988
1805553115
1807986288
1814692008
1821561000
1825168883
1829698883
1833883099
1843110378
1870738266
1875047816
1876268886
1876418291
1902064261
1905006829
1905305495
1905774636
1907751763
1910880449
1911415722
1918500259
1918500919
1918520157
1918557752
1918558979
1922841142
1926265133
1933768558
1936506219
1936898728
1942860564
1943152212
1950657395
1960618278
1969607758
1972316705
1972816693
1979660090
2016785335
2054709224
2107842874
2132468786
2145380338
2185505246
2196647055
2217128644
2219553381
2227876719
2228490554
2228516147
2232345113
2237501946
2240049445
2240476160
2241904786
2248541746
2249351095
2249645935
2270975703
2274914721
2289144350
2289522922
2297568154
2298027869
2309739138
2314002024
2314102374
2314169372
2314393974
2314664083
2314717472
2314719450
2315006625
2315044807
2315170370
2315223340
2315253243
2315749867
2316544105
2316765478
2317219761
2321654737
2321811779
2321845219
2321901692
2322593882
2322658506
2322819275
2323463262
2323571381
2323748514
2324246360
2324877660
2324956231
2328611216
2350189860
2350221270
2350226094
2350261563
2350319898
2350670559
2351226240
2351695815
2351849212
2352404499
2352603100
2352632368
2353295692
2353359527
2353767225
2353896350
2357761037
2358561215
2358850959
2359243089
2359673240
2360196022
2365389065
2365843114
2365942088
2366918105
2366954966
2367242117
2367315415
2367740062
2367755726
2369274009
2370254937
2370443444
2370672667
2372877162
2372908534
2372956322
2372998789
2373325720
2373522437
2373691312
2374413880
2374442329
2374560917
2388726592
2389303443
2389369494
2389937661
2390807292
2391093386
2396322067
2399344149
2399877184
2399980357
2411376721
2411377260
2411438814
2411571338
2411594417
2411789296
2411818716
2411845428
2411845713
2411885776
2412024506
2412107474
2412162775
2412283280
2413542782
2413792684
2414065228
2414110598
2414162602
2414266554
2414623429
2414754255
2414767691
2414855073
2414873659
2452286039
2456380445
2467862353
2471783477
2506700477
2506811752
2507632411
2507770890
2507852423
2508275055
2508484468
2509020768
2509136557
2509150286
2509431165
2509879669
2510287204
2516587107
2523901934
2531072926
2531583972
2535211288
2547277014
2549230420
2549502991
2549708288
2549769219
2575355257
2578311596
2578405527
2579655753
2580669854
2601029170
2604363028
2605039756
2605262116
2605366084
2605626114
2606187036
2607745922
2608617713
2609437845
2625293415
2640918702
2673287449
2683195666
2762416369
2791033285
2997626221
2997956936
3071036738
3097825128
3107848286
3241943642
3308173310
3377196006
3378152949
3442583379
581218
1464707
6041550
15275836
25362594
32042463
46893115
51913136
56508929
67827588
84770508
94370261
103823051
116576396
124915857
157408648
158275449
170406450
172531374
175352377
244132830
245671272
271377767
277913471
278386373
301069374
304050645
308165674
310394364
343583446
351384110
357259566
360372517
363026745
364552768
373968934
396325156
408708447
450490336
454036284
457624750
464020912
543955703
549424726
550738202
562700708
583596541
594692532
619081280
623734233
714522876
744195049
761091117
772589582
786352260
791233561
849627920
851306721
892238024
904527293
914213926
916923230
1058782877
1059402670
1103974637
1147878994