254130949
254224923
258003843
260754936
261796630
263506051
277757552
278034491
281463825
282177089
282986189
284417242
285355390
287126678
287162448
287393049
287400762
287618198
289119797
289488356
289541865
290246934
290341721
292613111
293574727
295902290
296641511
296942711
297793788
302833321
303564780
303603857
303754397
305447334
306078363
306667190
307264632
316410612
316794382
317286883
317883804
320642220
327084650
328395998
331396979
340399170
342391894
343752431
344290293
345581259
346689119
346857997
348192686
348968894
349605171
350092861
352772340
353633187
353981446
354709351
354840117
355605668
357032591
357424508
358662133
360461866
361026994
361112487
361661540
362646333
363049428
366329880
367211148
369013437
370408376
370911547
371868191
375901123
376566571
377217205
379601265
382354012
383129884
389265486
390929651
391208039
393426347
395021919
396589381
397280758
398695227
401326867
401738314
402365504
403189058
407308828
407393038
407886620
409582868
415411984