406003129
407698001
407800288
408150848
409446554
411953249
414512572
416399930
418586091
419272183
422670755
429397028
429780750
435205353
441391940
442704786
443520903
450845600
451634497
452567825
454281038
459212323
460537044
463733892
464625116
465358112
470590733
473816249
474161236
474796607
478658812
491063764
491361379
491377597
503887141
505427250
509496729
510020916
512656981
515601905
515677083
516280801
517955688
521031288
522655633
526823485
530128838
530710363
532579073
532765443
540128501
540397154
544464942
544511876
545699919
546249253
550051393
553677040
568750187
577062256
577637389
578455532
582148657
582770837
583596541
583811435
593455701
594692532
596319962
602544647
610124211
610415212
623953930
630527750
648067699
652340337
654066878
673029209
690783548
693676508
694441655
694704324
714522876
715155934
719833640
721771818
727167857
728261966
737370317
738356564
740065412
744195049
744704572
745159093
749296744
772589582
772775828
782351757
782598298
792050939
794004752
799063802
814941323
821259348
823950042
825213999
837805573
839353682
840804823
845520636
848922641
849627920
858518958
861055224
894346807
895133353
896741611
897978173
898076765
908887078
909463904
909763823
911824907
912512719
921273021
923761798
925416231
929815300
932990699
944918401
958742587
970083332
983296488
985229603
987441570
993631135
1002792167
1004865495
1015331894
1019291238
1021773906
1023142080
1027953653
1030132038
1045235519
1059075842
1060858351
1067919535
1104839197
1131361941
1147300210
1162828601
1165685009
1175996933
1223523765
1292586688
1302130289
1334933565
1337820390
1363703472
1391481950
1480809939
1518084694
1529965436
1552171936
1582539073
1584950062
1586651341
1602166458
1667457217
1700331999
1727874824
1753898338
1758061863
1769881282
1771682851
1782412750
1807803140
1902933178
2067188056
2067367556
2074595678
2092336083
2122979898
2211989832
2219553381
2300728303
2308088386
2323852287
2382792648
2392753347
2467862353
2501104374
2516587107
2521270753
2576698858
2579923009
2597364092
2684503701
2692225046
2724999874
2759301719
2793484989
2803863408
2818588806
2920714774
2943939496
2979143623
3134345899
3209676160
3217159212
3306423926
3316165002
3348046330
3419310753
3465938388
3487832306
7399437
8187732
10313956
11283897
52552504
65395096
67579122
85918364
104980808
123084709
147306070
173744989
191020056
236483558
254703309
264710213
269154262
273611228
274393170
278532966
279269300
303129765
312512272
313805723
327271115
332607883
341503156
357213995
362792525
370227443
373177491
382151925
396832537
403765994
405771260
407698001
408650897
414873077
418310605
420344500
424464407
449306205
458197009
476486962
493293120
498551933
519831013
526341940
591577131
605551287
610881656
632939424
635647410
645446360
654093870
672799604
812104772
897271459
1009131015
1019647093
1102354339
1139153891
1153497517
1536567534
1559572268
1632536465
1844956946
2213127970
2397563834
2544812347
2592036277
17218
860062
2349814
2454565
2677852
3278916
3412490
3432304
3913736
4916521
5772364
5785616
6162518
6629929
7819904
8390193
11925787
12688126
12769939
13812061
14767453
15289690
18107450
18961272
20174538
21804439
25269066
25346529
25514529
25766505
25968426
26854777
28399833
28474204
29198920
29860615
30056937
30317858
33588851
33605745
35403149
35558693
35793970
36795185
37857725
40155450
40175127
40368845
41275210
41745951
43663741
44238336
45478228
45572248
47661493
50305759
50667027
51855641
55179791
56333655
64116710
75464378
76387774
80908286
82332047
82842207
84055492
84542666
84873948
86057484
88914191
89077307
89797695
93677354
99912535
103262876
104100042
104555016
104629141
105627576
106438859
106494029
108316180
108900306
109099576
109495796
114242415
114272206
115832160
116701909
117559065
119781796
120255016
121112583
121836207
122232852
123637126
123811250
124226543
124461571
124486560
124555594
124579250
125148469
133384613
136406091
137523547
137935803
147062507
147112642
147173492
147175813
147282259
148060754
149461590
151093229
152901423
154092733
154097877
156310718
156374853
156776891
157300702
157926004
158819428
158941652
164225444
164940906
164987329
165138059
165280462
170294537
170596135
171665626
172804464
174028194
175752894
176390443
179981522
181064895
181754096
182455777
182869234
183070644
184624547
185631453
185728643
190590043
193280259
193520384
193693167
195070523
195899434
196819637
210095712
214755632
215754284
226414091
228140956
228725369
229526937
229654734
236245391
236795663
236956349
239129440
239261097
240998181
244285705
244912074
245444194
245741754
245819829
247247184
247443286
249228217
249820346
249882930
251480334
251696038
252377608
252556014
253149154
254273824
258283828
258811640
258987187
260183659
260191007
260313885
261145481
261159687
261503018
261777508
262004818
262378355
262905632
263050749
263995081
267261248
269029045
269456786
270779953
270861584
270893370
271621291
273767975
274420299
274496352
274652568
274695452
274827771
275663455
275752165
276319447
277285817
279485737
281241212
281255511
281749181
281766120
282391788
282678987
283051427
283316942
283682403
284238085
284827322
285093465
286003500
286068124
286670794
287230296
287319846
289471340
290554180
290615414
290997095
291864230
293306027
294732781
294901459
295871875
295878831
297170665
297854416
303582740
304700941
305053372
306201096
306312861
308493023
309422136
309468681
309489645
309748694
310029380
312320054
313042173
314750631
314997657
315183996
316503321
317105734
317243341
319223538
325167466
325923539
327530587
328275292
328907727
330315521
331329708
337364824
340350430
340458594
343413552
343555137
344046595
348540008
349622792
351208700
351308491
351345368
352065347
352495041
356304636
356452330
357024668
357725615
359911843
360128771
360158557
360427046
360590758
362001531
362319814
363732584
364507646
364554742
370414206
372176724
372607181
372817248
373183851
373399128
375012924
375155819
375802431
376468364
376518933
377769745
377983244
378777987
378967417
379013450
381763961
382086575
385091345
389528078
390402624
390418623
392131298
393061091
394428456
395187981
395398554
397649803
398209058
398625178
401389462
402409410
403494855
403698336
404461795
407446215
407561917
407698001
408001060
410883445
410942922
411436381
412560620
413170025
413479545
413516360
413531244
414536216
414896185
414915313
417398679
418160595
423503445
425186785
426319028
435265991
435742107
437984413
441485049
442912357
444856025
445619883
445843704
450237655
450610714
451647854
452313477
452565846
452802573
453151562
453627649
454766250
457178625
457805253
459927482
460015425
461177528
461379553
463321111
463407061
465018008
465189319
465313692
465379814
466432990
466586887
467892695
469271760
471633186
472179994
472744558
473114508
474852289
475392185
476236800
476430437
477913396
478579129
478861568
481699327
482837412
490303071
491720016
491737657
492504567
492831023
492854221
492865075
493399044
493622638
494181281
495258913
495666801
496113746
497056536
498202855
499279972
502884672
503220209
503677504
504073895
504969604
505180757
505833327
506108742
506642364
507087162
509689338
511436418
511832421
511970899
512400211
513216679
514921215
515885550
517452627
519179344
519255145
522069902
522416682
522766931
523739101
524767860
525446547
526234644
527026802
527579213
529343429
529373288
529474510
530500450
530648429
531046347
531923656
532177412
532235586
534563434
535734403
539997860
540421987
542605574
543436257
543594631
544145854
545387081
545708568
545859842
546863085
547868105
548958780
548997236
549736452
554853776
561667860
561897818
562762792
563326898
564182051
564640298
570379435
570459539
570578361
572995120
573485681
575174484
575604359
576441613
582212523
583637197
583876057
584823995
584910696
591584378
592823745
593154913
594073244
596017299
596338240
596391712
596443799
596750167
597233763
598559498
598722050
598814437
599388798
601734664
602691929
603234539
603272092
604091672
604268619
604495103
604676545
609033423
609124028
609297098
609579828
609667827
610153214
610227013
610955625
611068261
613608389
615343450
616053371
616209008
616597797
619674605
624988102
625839240
627759685
629464956
630839495
631381763
631395064
634644789
635094672
640868631
641315003
642744764
642919070
643154966
644634265
646203064
646504999
646900461
648944091
649657494
651429309
652915317
654057245
654060903
664196359
664221594
669170971
670018653
670045776
670344860
670545364
673337173
673535925
673997585
675388116
675924446
676489408
690090898
692512377
694633093
695286974
702554440
703638133
704374778
705432844
706684435
707994254
710115742
710158258
710917991
714216205
714925918
717075307
717614192
717988892
718329784
723142105
723394121
729057413
729141868
729406165
732879733
734619267
735723191
735895902
736420514
736827509
740450637
743119320
743157071
744282816
745720937
746326730
746466359
747760093
752001934
752725492
757016626
757591846
759926054
760414644
761086323
763090115
763736282
765298214
765738926
767210685
767238917
767527168
768292139
768305979
770575938
771886362
771899887
772619106
773032730
773556395
774505215
778653223
782430124
784474846
785120954
785185246
785193820
786750740
787185638
790173823
791793246
792020703
798391149
798407052
805499849
806428966
812327568
812408467
813245851
814460685
815300985
815447343
821281989
821695709
823059923
823080325
823571551
824665553
825691966
825764203
826892977
827249680
827410461
834533049
834724548
835061250
837276501
837376494
837601050
837770987
841567395
842146669
849060809
849617118
850696356
851401214
851491384
854275824
854637988
859772770
860668709
861582323
861810135
862506568
862770226
863513121
870190465
870398101
870893929
871887361
872821883
873390153
875445011
879619771
891716006
892468786
895105152
903060629
905313871
907983087
908149509
910263144
910682419
912857911
913069470
913220746
913387962
913499869
913564118
913664527
921451206
921510423
921807911
923542133
935763032
939166672