1067606043
1069807621
1069926268
1072620399
1073934573
1084875147
1085022134
1085250307
1085474812
1085779293
1092017680
1097403794
1098347956
1103199252
1105962375
1106353963
1106693054
1109533554
1123825168
1124050392
1124854100
1125374656
1126110876
1127055633
1129154173
1131524117
1135319147
1135646273
1136260275
1136874481
1137327386
1141734223
1144584270
1149505098
1151058851
1151402670
1157856585
1161003014
1161927267
1164963076
1165089112
1169151641
1172205905
1176912860
1182758521
1185149624
1193785756
1195362612
1196430726
1203723285
1213384852
1215027335
1223490521
1223965260
1224840689
1224991024
1240092956
1242111591
1245557279
1246038705
1250261192
1250907703
1253443451
1253584235
1257952149
1259362044
1261781746
1270333540
1270668470
1274634590
1279384776
1282570197
1296965094
1303159750
1308068876
1318643161
1321294519
1323772988
1325303590
1328302249
1340295023
1352014673
1354280386
1357168607
1364337561
1365203231
1370423278
1371300518
1372288481
1373785061
1376179471
1392348151
1401957137
1404566476
1406890745
1412733698
1413700119
1414806689
1415884141
1419343337