503501687
504537239
504930880
504936907
506737350
506846920
506972008
507361074
508825940
510178166
510279160
510712439
510859352
511039095
511703632
512186474
512522632
512621114
513016081
513224321
513405349
513468564
516037503
516630863
516955657
517376015
517751756
522544430
522877794
523261550
524100352
524397662
524732687
524736971
524813057
525855639
526791131
527000814
527617486
529453606
529536410
529616889
530065118
530065884
530205183
531869493
532748906
532789050
534380950
534528679
534750228
537525931
539377766
540010203
540045667
540474839
541876438
542006189
542195110
542794593
543287589
543514129
544189807
544711621
545367721
546382664
547303112
549606218
550118277
550547773
552072112
553653725
553674861
553905690
554319244
562851518
562888838
562938462
563674260
563829375
563889751
564000813
565326993
565357363
565904313
565942102
568833123
569315612
569335708
569489168
569596281
570661160
571690112
571803760
571966927
573347242
573354661
573395173
573945379
574177454