790164288
790291386
791392542
793108962
799983100
805148830
806250082
807575414
807640362
810078973
812002994
812748621
815530805
815773963
815967825
819300689
821361398
823042759
823964787
824430616
824815994
826352704
827403972
827527590
835273473
835737058
835870483
835961844
836410105
836606592
837365354
838409359
838604634
839480302
839526040
840264325
841113061
841466119
843343088
843435445
844636404
845202154
845289420
845299257
850282762
851386031
851538305
852443127
853327449
853697646
857298929
858749134
862902985
867232941
869302444
869550678
870527013
870575220
871161854
871179846
871729378
871757328
872722013
873637746
875243178
876005453
876115331
876430546
876605800
877012516
877236107
877714132
891417717
893063880
894683247
895278773
896459057
897015620
897068872
897105593
897978173
898278571
906962288
907101113
907442101
908076744
910451337
913223529
913517129
914121071
914718407
914910339
917757485
919843794
920432104
920485210
923846392
924786748
929609479
929847739