422069472
493558416
498401083
526928355
527008615
540397154
545375260
574708946
695162718
715843176
798710960
824156830
919502462
1085188477
1090847971
1354537811
1402329096
2265389874
2311685412
2449983102
3248745644
3406294958
4147229
4453020
6566141
17673136
32410953
35266345
36246191
40242387
41418987
47621622
50686841
75558987
80630816
81172992
82623394
82829187
86393787
88460614
117127831
148405873
156888175
171279072
176232327
231689315
249616446
249676930
270853948
272392949
277737789
287793234
295784512
314540341
326513997
327268503
357751310
359805851
361390580
362062203
364425668
366301322
369425876
369972112
380201702
401892268
403332280
405393962
407073472
407698001
412279566
434312384
444533839
451071451
452649209
459826218
463066281
463688602
470395458
472395800
473481588
476718910
513762260
517100570
517360684
526567149
540397154
542183100
543729791
578512207
584549874
592883054
598024474
627511203
627673127
642706051
656729350
664208747
675617623
676236864