850636556
853183149
857926816
857949572
859389533
860032120
862499334
870591870
874716159
877914541
891478004
892477973
897712150
917702721
919895936
920149153
923761798
928715028
939491874
952490745
952727150
965956636
969684973
972354483
975316185
981684504
981709787
983375463
987839540
996224889
1004318075
1014146876
1015187976
1021224939
1023606525
1024056453
1029021828
1029060597
1029771456
1042001422
1058991443
1059075842
1069992683
1074933632
1094511022
1095140268
1099658499
1109455967
1124263939
1152370948
1165685009
1184740657
1186688280
1193442291
1198398298
1204850687
1226843380
1228940798
1243514396
1248391380
1285743231
1305146000
1315002318
1341041949
1345908673
1346779116
1347753088
1358033660
1431471534
1457378419
1464785109
1475005328
1477802269
1489266545
1531658986
1564165737
1574346974
1591493549
1653829629
1658669660
1754814616
1769881282
1771682851
1776495607
1797023649
1823480630
1844474824
1853253067
1902933178
1905906201
1925705746
1959019487
2010587639
2010592841
2084313019
2092336083
2251321143
2270374198
2283863178
2330845292
2426217819
2522902604
2547873540
2572909072
2574250781
2577313434
2627436388
2676734222
2678056432
2723612828
2813838334
2835767552
2923180401
2943939496
2974097793
3056802792
3134345899
3217159212
3236181840
3252316428
3306423926
3428432838
3517990458
364733
536257
977870
8164609
12077189
16380680
17618541
22549438
33351300
43137307
45339144
46032232
50640445
54654817
56520581
57859742
58323628
59801035
61120863
63167499
65196242
66828801
68535854
69471145
75476026
76489331
77053153
80623223
81138862
81515384
81977418
81982654
88631963
97089088
97602683
105198042
113740261
115830797
118186821
120023789
120811409
122297622
122638276
124859516
136614407
137680675
137726044
150291241
154692551
157706225
158091590
172536786
176409193
183548172
185655440
185876325
190214309
190663537
191167046
191906879
192302918
192619118
196049401
200862899
214698128
229739672
232687022
237568473
240341654
244756700
249115604
250476337
250965273
251198590
251500581
251644676
253795271
254130949
254224923
258003843
260754936
261796630
263506051
277757552
278034491
281463825
282177089
282986189
284417242
285355390
287126678
287162448
287393049
287400762
287618198
289119797
289488356
289541865
290246934
290341721
292613111
293574727
295902290
296641511
296942711
297793788
302833321
303564780
303603857
303754397
305447334
306078363
306667190
307264632
316410612
316794382
317286883
317883804
320642220
327084650
328395998
331396979
340399170
342391894
343752431
344290293
345581259
346689119
346857997
348192686
348968894
349605171
350092861
352772340
353633187
353981446
354709351
354840117
355605668
357032591
357424508
358662133
360461866
361026994
361112487
361661540
362646333
363049428
366329880
367211148
369013437
370408376
370911547
371868191
375901123
376566571
377217205
379601265
382354012
383129884
389265486
390929651
391208039
393426347
395021919
396589381
397280758
398695227
401326867
401738314
402365504
403189058
407308828
407393038
407886620
409582868
415411984
416065510
417734908
420123272
423850863
425257273
429688434
429824252
434989248
435786084
438548059
443544012
445306531
446092761
446439570
450356353
450605653
450876891
459596396
464061469
465338783
465492636
465702973
466065217
469109876
469406379
472144015
475741987
476620333
478321810
490945188
492571223
493405036
495150997
495368705
496715360
496748838
497574489
497683750
497792152
498669454
499753855
502207638
502819352
503701524
504496016
505017583
505058053
505542964
505775320
506036434
506488532
510182677
510775562
512392164
512471771
513381767
513722608
515060434
516776423
517379437
517981910
522456877
522724027
523630196
524742519
524833057
528507595
529523924
532035646
540397154
541780962
543902248
544178352
544252702
546987828
549061298
549850782
553213475
553555252
570789570
570812139
570930273
571969925
572692092
574737280
575164099
576200383
578152816
578256130
591043608
591045814
592855417
593350150
593656878
594618717
597282586
598794118
599218566
601442630
605059949
614252040
614400821
616524482
617820007
619027776
619767468
625798887
631115390
631323334
634156012
635103435
635782002
641428141
641830433
642993845
648525198
648531243
649293282
649295743
651081003
654732919
656269004
656558202
656677519
659088727
670433722
674837658
676214885
692179635
694166821
704119796
707743967
707751883
709918511
709958765
710573148
714974682
724451986
725598203
727380579
731447488
731611397
734126412
734438864
735254899
735913786
737072023
737289426
740135496
740211119
740951655
741939480
743240043
743631128
743773136
745839930
747545536
748521229
751123266
752325030
752994203
753877541
754049924
754270139
754361006
754411066
755374152
757313229
757315991
757703246
764395757
767663429
770018901
770234966
770459878
770638855
771448035
771473038
772463706
772586495
773134914
774534320
775953374
782003082
783053948
784884137
787228647
792740412
804085394
805248016
806248668
807915723
809630824
810639591
811300390
814536546
815238859
820128668
820394895
820974202
823158222
824964718
837235757
840464430
841147259
844730174
845110053
847093868
850860599
851369485
854968898
863134540
867025818
871080536
872340283
873017483
875505740
904793639
905854618
907511839
909869453
912457959
912506459
912791750
916248848
916257184
916865492
917919123
919048129
919752844
921441913
924310075
924355282
928936455
930455133
930565966
931903798
941300846
946936329
947396795
952930978
954925909
956321465
957147557
958455380
962281860
963331913
969988794
972466746
975132179
976912009
978773738
979148744
979897245
982835718
984257310
986752163
987835181
990308543
992618681
994014164
994701201
994739992
996089302
996270705
1002135842
1004749925
1006082785
1023685725
1027591471
1029826630
1032484909
1039258777
1040008753
1044646750
1048232952
1050816564
1052005698
1054595160
1059575677
1064296852
1066809384
1067448021
1070280441
1072005136
1085385536
1096254551
1097394064
1099800711
1103029861
1103193916
1106312593
1106653390
1107321158
1109738852
1121764753
1127494542
1129488408
1141248803
1141936692
1142813987
1143223508
1147175404
1151591562
1156624900
1163636537
1164121422
1165958819
1170457006
1170747374
1172779263
1182763845
1184556590
1192755898
1194818526
1194972457
1205196181
1205932325
1223121746
1227320060
1229315466
1241738992
1242791389
1243155858
1246779910
1248457809
1250388137
1251980799
1259744716
1278255347
1281770625
1287071330
1295534111
1297605158
1299527059
1300214013
1312233838
1324331645
1326819588
1335573703
1335893083
1354359809
1357101989
1360066485
1363319646
1365311204
1366030303
1368753921
1369164215
1369941906
1374675146
1376293755
1398006105
1399405857
1415830707
1433066615
1435150664
1445037280
1445261359
1449963357
1456733414
1459765322
1460471981
1484688212
1515098476
1515320500
1520116735
1530396698
1534485735
1554741306
1556252057
1556631337
1562485651
1571940832
1579934902
1596213484
1621110942
1637429218
1655862155
1689109453
1689688415
1710577531
1713338749
1725639936
1735267445
1738382706
1741122766
1747707336
1757381393
1760353925
1774061108
1779588211
1794258470
1796584648
1797736749
1812185584
1820187986
1827797804
1831519074
1834239567
1847438125
1871195310
1876758695
1903470617
1905691720
1905749731
1907997591
1912459005
1913729732
1916937361
1924971704
1941118990
1943249669
1956791315
1967525863
1983879246
1985222151
2019034517
2027214720
2041342354
2050223837
2067155159
2116347334
2206967216
2209053356
2212138274
2214945054
2220623849
2232333027
2235592849
2273075043
2274398196
2287979699
2290270809
2292427185
2296989870
2332984166
2335873253
2364310633
2369513177
2377079705
2390628754
2397126898
2411947424
2423868991
2453338572
2499104608
2505449248
2506707771
2507069128
2580381561
2584478162
2594357997
2598126873
2625656412
2642320684
2658509610
2664679924
2665083285
2665705304
2665946297
2667626602
2672535641
2673930265
2675216282
2679569216
2690044102
2691115405
2692319588
2692612336
2693278962
2693451686
2715026620
2723941799
2804441634
2815088424
2819239007
2830250596
2853298650
2853298651
2853298652
2853298653
2853298654
2853298655
2853298656
2853298657
2853298658
2853298659
2853298660
2853298661
2853298662
2853298663
2853298664
2853298665
2853298666
2853298667
2853298668
2853298669
2853298670
2853298671
2853298672
2853298673
2853298674
2853298675
2853298676
2853298677
2853298678
2853298679
2854537335
2873465274
2880156400
2880156401
2880156402
2880156403
2880156404
2880156405
2880156406
2880156407
2880156408
2880156409
2880156410
2880156411
2880156412
2880156413
2880156414
2880156415
2880156416
2880156417
2880156418
2880156419
2880156420
2880156421
2880156422
2880156423
2880156424
2880156425
2880156426
2880156427
2880156428
2880156429
2880156430
2880156431
2880156432
2880156433
2880156434
2880156435
2880156436
2880156437
2880156438
2880156439
2880156440
2880156441
2880156442
2880156443
2880156444
2880156445
2880156446
2880156447
2880156448
2880156449
2880156450
2880156451
2880156452
2880156453
2880156454
2880156455
2880156456
2880156457
2880156458
2880156459
2880156460
2880156461
2880156462
2880156463
2880156464
2880156465
2880156466
2880156467
2880156468
2880156469
3171679164
3249888417
3312767330
778938
825133
2302796
4402780
4452043
4513510
7225796
7751743
8412288
14123544
16360417
18961129
19731593
26877129
28209223
29564366
33474265
34529700
36015243
38581942
46531876
48667292
49934561
50788472
52058482
54472262
56038329
57778373
57797128
58089108
59862195
63662500
64350213
65425798
68570527
76841498
81299881
85305677
86971208
88133306
93776575
104745098
114943817
120908621
122132246
122359946
124560324
125360544
125939037
150049902
154793101
175444619
182476657
182809084
184986494
188066588
190929745
200766326
215842320
233315933
236821289
244132830
244320694
245671272
248344728
258463889
262022109
262433430
267023766
270892443
271728438
272489460
275842158
278821142
279331555
283716698
284214525
285836159
286211110
286876260
290704234
301069374
308165674
310394364
312232496
327607289
331860903
332592267
334542531
335453437
337141867
339352427
343353566
349647699
350160114
350840005
351941990
354337051
354539451
357048595
359592540
359805851
365664369
368262425
372700322
372925976
375549661
379493775
381723643
381866379
385103792
386109153
386116171
395054793
395123562
397763409
398174633