1962095403
1966984920
1972154190
1973455844
1985863603
1987084623
1994017702
1994795717
2017854473
2024860334
2026749023
2035925143
2052708014
2055246232
2055423258
2058964681
2061128744
2065087359
2065599122
2067476411
2094123506
2109287190
2112814284
2114553561
2116134025
2195457129
2206387223
2210280432
2210544872
2254725252
2260200085
2261765993
2265387221
2265415932
2265893480
2270446426
2274221533
2276227078
2278749002
2279629561
2283673935
2289599124
2294503576
2309009964
2312795423
2314930480
2323866814
2327570438
2329437338
2329556782
2368069147
2369906029
2377980100
2378502146
2385320753
2413481244
2415536877
2427249881
2443269455
2453821589
2455366408
2455786752
2457062858
2457656654
2472814846
2473442472
2486016883
2486633458
2493992995
2501011799
2514477230
2516644713
2538258178
2544391257
2544393603
2562171922
2567137865
2567577953
2571659412
2574991325
2584985118
2589286780
2603914212
2604950299
2605408131
2605595767
2621165614
2622283221
2629164079
2631490889
2631587170
2632462423
2645819639
2645990513
2647436688
2652184748
2660325326
2667450880
2669504694
2670419804