2350319898
2350670559
2351226240
2351695815
2351849212
2352404499
2352603100
2352632368
2353295692
2353359527
2353767225
2353896350
2357761037
2358561215
2358850959
2359243089
2359673240
2360196022
2365389065
2365843114
2365942088
2366918105
2366954966
2367242117
2367315415
2367740062
2367755726
2369274009
2370254937
2370443444
2370672667
2372877162
2372908534
2372956322
2372998789
2373325720
2373522437
2373691312
2374413880
2374442329
2374560917
2388726592
2389303443
2389369494
2389937661
2390807292
2391093386
2396322067
2399344149
2399877184
2399980357
2411376721
2411377260
2411438814
2411571338
2411594417
2411789296
2411818716
2411845428
2411845713
2411885776
2412024506
2412107474
2412162775
2412283280
2413542782
2413792684
2414065228
2414110598
2414162602
2414266554
2414623429
2414754255
2414767691
2414855073
2414873659
2452286039
2456380445
2467862353
2471783477
2506700477
2506811752
2507632411
2507770890
2507852423
2508275055
2508484468
2509020768
2509136557
2509150286
2509431165
2509879669
2510287204
2516587107
2523901934
2531072926
2531583972
2535211288
2547277014
2549230420