109357914
110379750
110761998
113536996
113679974
114393827
114414858
114975630
115239820
115931819
116294409
116401508
117911554
118047356
118155000
119704534
119713928
120091601
120552995
120591541
121540587
121753394
121849605
121930386
121996469
122640971
122711828
123121619
123731045
123924882
124116121
124294559
124482842
125130989
125220116
125291816
136165397
136597463
137262173
137558156
138199385
138592944
139810730
147479487
147865962
149012209
149334577
150580098
150734526
152418170
153261593
156400645
157749302
158261243
158264743
162014679
164967473
165499810
165572067
168167413
170099036
171603555
171840238
172531041
172977253
173723481
175115025
175136554
175183107
175303846
175555030
175840731
176113889
176967016
181845445
182179523
183422248
183782160
184534482
184606713
184997220
185112511
185938003
190539050
190934181
191353776
192707572
193029696
195339203
196505554
200787516
201957525
209148683
214692360
215218962
215302708
215632865
224279112
226365477
227038010