646483737
646489736
648008590
648265188
648475659
648875130
649768201
652641156
654454028
654872473
656417074
657204852
657474807
657676928
657694465
657832227
659075529
663111520
664668668
664775448
670729882
670802094
670920279
672074857
672409760
673645956
674254002
674484580
675636548
676299480
676805587
694100130
694213315
694543011
695303806
704324501
704891530
704953934
707710332
709100260
710046922
714434303
714514533
723520371
724325488
724420345
726553229
727458264
727479257
728870194
729725133
734590781
734595537
735271851
735362050
736854244
736948423
739729481
741115254
741643328
742428918
742839041
743007580
747713872
754015276
756024049
757156172
757356751
757519900
757638446
761321300
761632003
762499395
763108965
763361027
763459432
764006541
764534084
764973360
765675615
765782059
766095919
767192910
767248377
769576926
770387995
772134519
772721312
773190982
775055003
775420922
775779131
775856917
778195947
782032847
782389084
783381515
785024154
785546975
787693624