2673179452
2692534759
2702297433
2714895730
2715190781
2721473924
2724163386
2746613214
2758244405
2758851645
2765152529
2771610835
2780704383
2786033179
2794323298
2803208470
2804060040
2817431282
2836167842
2840155182
2841163447
2842575493
2846383532
2847141871
2853658055
2861821421
2873714627
2879495020
2908285764
2910754475
2952436081
2954054891
2965313228
2980009855
3073123351
3075777873
3085956318
10183715
36482446
48498352
52086707
55097590
68810186
68828146
81865571
84792661
87096088
89094852
99806555
106573036
119097343
121066654
121230266
122052770
124117950
130554577
136800513
136866507
149887234
157776740
158756801
158849178
164505808
170445143
170897350
171711154
175555542
178712052
190314138
190715493
195485904
201113168
214091520
214401293
229851345
229869348
237060323
240119709
243783171
244426656
244645241
250181097
250460576
250589127
252243749
258428636
258960897
272866317
274905350
283885614
292553378
292674309
295935763
310951687
313633350
314158854
314265075
316707608
327078170
329232415