1825662085
1831705967
1835943610
1840014889
1845071891
1845587258
1848816376
1853977687
1870464267
1872611313
1875509525
1921703415
1925471916
1930745511
1931517711
1933845013
1935333068
1936495766
1946399769
1956547799
1961363417
1963786145
1985222151
1993389734
2013428696
2018319138
2030023104
2050481693
2061929249
2165175316
2174918834
2208463311
2210937672
2214945054
2217460851
2220759504
2226897620
2245181878
2245723311
2245726611
2245816699
2246197702
2246915599
2254528717
2256095520
2269372822
2269907397
2273885984
2277837235
2290253897
2303544959
2331223531
2363627681
2368080816
2369639136
2369683461
2371805460
2376000269
2380046080
2384848192
2386882488
2392326000
2398386260
2406180628
2409166689
2411734883
2420633021
2425808386
2436553829
2439288028
2446431537
2451107005
2454788262
2458113402
2464139196
2466182623
2467876618
2471112500
2472105753
2472392277
2478864251
2511179881
2511611446
2519290880
2524446117
2528121631
2528464784
2535184574
2535658848
2540967799
2545243249
2546923399
2554220227
2564041225
2565165968
2604787686
2608088877
2622894762
2624404496
2627904737