406003129
407698001
407800288
408150848
409446554
411953249
414512572
416399930
418586091
419272183
422670755
429397028
429780750
435205353
441391940
442704786
443520903
450845600
451634497
452567825
454281038
459212323
460537044
463733892
464625116
465358112
470590733
473816249
474161236
474796607
478658812
491063764
491361379
491377597
503887141
505427250
509496729
510020916
512656981
515601905
515677083
516280801
517955688
521031288
522655633
526823485
530128838
530710363
532579073
532765443
540128501
540397154
544464942
544511876
545699919
546249253
550051393
553677040
568750187
577062256
577637389
578455532
582148657
582770837
583596541
583811435
593455701
594692532
596319962
602544647
610124211
610415212
623953930
630527750
648067699
652340337
654066878
673029209
690783548
693676508
694441655
694704324
714522876
715155934
719833640
721771818
727167857
728261966
737370317
738356564
740065412
744195049
744704572
745159093
749296744
772589582
772775828
782351757
782598298
792050939