1316924369
1356234033
1545251527
1620968451
1647575080
2501104374
2541808188
2563313507
2830796536
2842921978
2940489837
3133757099
3193068779
581218
1464707
2033397
7808118
9748527
10054144
12134760
15275836
16117429
22715414
25070979
31337299
32866305
33291722
35398449
37272712
44691839
46659779
46893115
47569175
49537438
50788472
51782840
53230667
57089288
59987571
66676416
67827588
75776486
78910269
81030067
82512381
85700404
88976266
94370261
101639452
103334543
105719668
107157598
116261013
124915857
125249133
133115686
137283906
137390202
138612093
148284041
157408648
170167747
170585051
179733893
179829112
185715369
190236660
190977598
233282665
244132830
244546704
245671272
247397861
254973421
260607245
262022109
273972313
274927064
276107351
277138919
277510937
278386373
286133793
289679323
290846300
297889588
305240756
305838244
310394364
313406635
313861181
314325922
317360476
317367149
331039000
332824719
334910151
348365549
348642422
351384110
351868130
363169497
364552768
365037431
369185715
370819968
372401321
372577037
373968934
376820746
380258271
381186904
383702404
386405883
393609060
397763409
398144519
398412245
408597616
408708447
417742040
419272183
420906180
437808794
455620713
463350217
464020912
465914637
470660275
471005336
490092462
496880509
502016588
504139764
522927220
525732893
530128838
530226904
530584637
532476207
535073370
540534628
542487471
543955703
549424726
571766496
583015455
594692532
598286191
598794867
619081280
652655911
659851686
676768486
690783548
704058406
707991724
714522876
731491465
731499380
741727599
749330710
754054276
767567638
772589582
775034462
782765007
791134646
791233561
798321423
805632731
820118767
821129115
823889085
825408485
838384212
849627920
851306721
861383319
891238187
892238024
896189280
905115843
905862038
906233814
909763823
914213926
916923230
932990699
934051078
944425415
946379635
971894225
983296488
991718140
1002161142
1014267491
1016337506
1022573006
1023460178
1059402670
1060589311
1076847643
1096295523
1103974637
1151086145
1152983648
1162337414
1196186579
1203265193
1247682073
1276602488
1299831909
1302130289
1356234033
1421048712
1459485565
1493866586
1499551866
1548258042
1620968451
1656800797
1660180651
1677822767
1785596699
1815827784
1930528580
2067188056
2251154391
2292675685
2315862876
2380755698
2381720694
2453819097
2487933771
2501104374
2563313507
2640979657
2646133350
2718420855
2775894915
2803863408
2805350199
2811773040
2826192955
2890372341
2940489837
2983826786
2987910696
2995135615
3193068779
3362474973
599065
6725880
17498379
21676131
23315572
24826335
25155089
29133387
32034228
34173684
37874915
38531357
42145100
47751366
51958195
53918812
67668277
69270978
79946606
81409437
81479360
87039020
99901616
104420360
106523105
106640564
121544755
125159993
136443800
137438630
151799685
153261695
156474436
170025144
176866449
190851308
203841806
206604750
229739758
249018889
249939291
250531826
254497925
269864446
271420509
272392949
273580251
276210019
276366687
283287215
298112166
306568673
316900968
320397429
329733795
340123529
347514851
350392642
351646355
357223305
360394641
361642500
365752944
371924487
377043163
391695726
396003303
397578141
398332319
402303089
404421249
405940535
406647562
407698001
408708447
411672883
415030267
416652644
422081516
445473178
446403040
446545172
459198674
464258892
466490750
470796539
471600854
474724917
475074113
491326338
492757400
495104722
499016793
506483990
511765907
515140304
516743647
523510126
525875858
527188779
527449659
530385128
530862777
534488367
540397154
540444488
541698691
542599105
545953880
549435704
565149906
568108379
568115572
569315612
578971337
583443934
583703710
601773224
602128267
603295714
614155262
616198683
617545209
623722093
625365579
625725957
626240894
627056105
630925091
640931240
646214748
646390861
649916898
657393094
674084570
693096481
709934448
714515245
717312902
718559377
719681739
719978855
732731007
736852776
747672882
748421412
753721086
754634228
763272649
765227196
768690204
780863363
782595708
790199521
814362120
819552677
824889225
844986719
846536494
850307840
853654643
894148803
895189223
898066507
910194730
921163835
923565184
930213612
937876161
940554085
941729427
948172427
978945399
983229183
992264001
992388730
994637075
1004206852
1004708276
1024016480
1043884389
1047996292
1063142930
1079644057
1094653289
1094870474
1127728777
1172564107
1179968749
1194823760
1210078603
1255699348
1365796621
1373542654
1379288127
1398449172
1405950652
1409597590
1428984733
1448487503
1463587012
1479033647
1525398944
1528547461
1578563342
1606212515
1620077061
1825000726
1834394452
1873884202
1921765468
1942887284
1980049816
2028715463
2040232126
2066077329
2094567954
2223181967
2273296026
2277195524
2308825731
2337071785
2338053255
2373294406
2394714450
2405898268
2415223692
2424347670
2425260133
2428978781
2438221718
2459271507
2491996020
2495713569
2499206721
2502933792
2543848288
2585131564
2598404846
2675492645
2704961113
2746909828
2924999314
2961466097
2969005084
2990513583
3070713889
3079164653
3096377965
3103968510
3127277808
3133310087
3133312438
3201928033
3246893477
3250151414
8054333
35837334
45892047
64537280
108678310
137343507
185757901
229209110
254337037
270263663
273122715
277570086
280336572
283329085
309984394
312253142
315860998
334694530
337677513
342595117
376064654
393419608
466292398
503204697
512732718
525353643
530876396
582365995
617040359
642359871
653847383
706318682
731491465
782351757
787023541
810082703
839848624
842012706
842473583
875753204
877623084
979796656
1044532964
1156168458
1165685009
1245691045
1297702726
1352827041
1592887570
1620968451
1655055416
1686271236
1691204248
1695847240
1752662189
1776495607
1803888182
1853816436
1931683460
1941732807
1957045273
1994801964
2048252260
2060191795
2100771704
2104223026
2119673661
2128566016
2148421088
2256765090
2262171068
2309463183
2366283196
2374694947
2411003640
2434592410
2492422081
2529805144
2534915816
2539466786
2593444513
2661189502
2672867057
2679034861
2719133445
2738026115
2764285844
2777036728
2793287931
2802289243
2810366571
2825372465
2825926568
2841459430
2841570760
2845739106
2874972313
2892720733
2917751575
2921475196
2922569538
2948322926
2959141672
2973170046
3014707964
3024056971
3036871792
3040127032
3041894253
3068252108
3085484868
3093456031
3093466130
3099987305
3100487990
3153352429
3164758084
3209581387
3225732653
3227876175
3257187641
3347696917
3350880598
3360579683
3363232964
3368622468
3368788493
3368791320
3369067440
3369345346
3369519186
3369743427
3381747643
3383608591
3385742700
3385765910
3387147908
3388505030
3388762968
3388906669
3391558715
3391590996
3391875343
3392173465
3411634545
3461162646
3461181080
3461224059
3461269786
3461397096
3461806868
3461860455
3462202336
3462237347
3462259190
3462713626
3462767479
3462781522
3462795947
3462803100
3462805286
3475289470
3521620443
3521628703
363953
787236
81075107
117399678
176445143
191343447
245315374
251447007
270802819
289816802
303060656
358069235
359650487
364898428
373200637
380014041
389838497
398581845
461451756
490301991
496273548
509978388
510541002
513433049
532173169
542996520
584040649
616996985
729177910
756342530
783969079
793744767
823917011
877382290
877741449
904278884
912277437
984762304
1042272089
1048347751
1059402670
1078621602
1097060326
1146649566
1146887278
1352846958
1601850146
1637997666
1643768060
1678994707
1835955645
1839383738
2906345659
2942145332
216783
301929
477446
842156
1580959
1653131
2123154
2201993
2603036
3362840
3517186
3584275
3950879
4409516
4842024
5063965
5647692
5833348
5855864
5908006
6164204
6715424
7430989
7722529
7766545
7820995
8559191
8657800
9371091
10159226
10736020
12840850
12920974
13533343
13612389
13775003
14803379
15869347
16760856
16859355
17337916
17364194
17544391
17822378
17902807
18684712
18783354
20171889
20528625
21225136
22691407
22827956
25317038
26123678
26213357
26615259
26662453
27032773
27070705
27594692
27825112
28486697
29757795
29969460
30280228
30995279
31333339
31740812
32148957
32392875
32537874
32542173
32866305
33145341
33294983
34511933
34664350
35820304
36298467
37144943
37179846
37715904
37996693
38037967
38062917
38348744
38493781
39329287
41398832
41723544
42341543
42684249
42949494
43450237
43459800
43620364
43928720
44348647
45258119
45314259
46651995
47283600
47659699
48605280
48701283
49264874
49404388
49531411
50155692
50302024
53100249
53114311
53868740
54514854
54852649
55590484
57300646
58242108
58896063
59547727
61480649
61529200
64391653
65077420
65296827
65415800
66377821
66469106
67185559
68035063
68075802
69175981
75171980
75299335
75679847
75863712
75939759
76138619
76160911
76795899
77823998
78553805
78709773
79073938
79094367
79329180
80279066
80475937
81629323
83201079
83253336
83395818
84173630
84591068
85480953
86482557
86719752
86729934
86932634
87279810
87648541
88353090
94778968
97659164
99312667
102175272
103187287
103432390
103549344
104952390
105359353
106571866
106908846
108483583
109357914
110379750
110761998
113536996
113679974
114393827
114414858
114975630
115239820
115931819
116294409
116401508
117911554
118047356
118155000
119704534
119713928
120091601
120552995
120591541
121540587
121753394
121849605
121930386
121996469
122640971
122711828
123121619
123731045
123924882
124116121
124294559
124482842
125130989
125220116
125291816
136165397
136597463
137262173
137558156
138199385
138592944
139810730
147479487
147865962
149012209
149334577
150580098
150734526
152418170
153261593
156400645
157749302
158261243
158264743
162014679
164967473
165499810
165572067
168167413
170099036
171603555
171840238
172531041
172977253
173723481
175115025
175136554
175183107
175303846
175555030
175840731
176113889
176967016
181845445
182179523
183422248
183782160
184534482
184606713
184997220
185112511
185938003
190539050
190934181
191353776
192707572
193029696
195339203
196505554
200787516
201957525
209148683
214692360
215218962
215302708
215632865
224279112
226365477
227038010