319212219
319257537
319296137
319508373
319519021
319977390
320012396
320193308
320210998
326591301
327180932
328099565
328102759
328200242
328236101
328464903
328972878
329152836
332579299
335326175
337017892
337599180
337659105
343781033
344641008
345394769
346186897
347818980
348214763
357325023
357624354
358108542
358806989
362122651
362429374
364077487
365503027
369043525
369077561
370270521
373221810
375255495
375321809
376618110
377526706
377933626
380605233
381309502
381392842
382216224
382372605
384668776
386638858
391498808
391596304
393113244
393155101
393280238
395363851
395729395
395883114
396045453
396233787
397763409
398633565
402485647
402502103
403668915
404874073
406314584
409446554
409815163
410719022
414401568
414419003
414438608
415110118
415766567
415982004
417979892
418767017
419228819
420280303
420636983
422670755
429711503
431049480
439268304
444649151
445025640
448815902
450797832
455837611
460132365
460611015
464859811
468858820
469065251
470285363
471586798