21439973
22992713
25919217
26886861
27306465
31840676
31916113
33323846
33938365
37703880
37725464
39490252
40301567
42894414
43041281
43808374
44632180
45553700
48249455
48701283
49449951
50234743
51652907
51869802
53181270
53948327
54142215
54304224
54357537
55901419
56859215
56884408
57570119
57638019
61263553
61837622
64956025
65432875
66826994
67887349
68266919
75805312
76022727
76327446
76965467
77424034
77952839
78076827
78490761
78685366
79338131
80184051
80202952
82177746
82846643
83226111
84104330
84643180
84737897
85601530
85885010
86602882
86612244
87017342
88654771
88935811
89389138
89521760
93927583
95700563
97656591
99300985
100520234
100987684
102078372
102138072
103187287
103525069
103646991
106090554
107048358
109490747
110457226
110566283
112719613
113796147
114752208
116375978
116747530
116835814
117728428
119019816
119713928
120339754
120475638
120789613
121753394
122125121
123095070
124142952