691548059
736832342
744190061
744195652
750316830
759806471
768176106
775482731
784825265
785453375
787054093
798937842
819455764
823081137
834494294
846876472
854165950
854681017
910088140
924387147
937770316
948219632
960511387
970582664
971339164
977690488
978390468
1009367760
1020473215
1024681419
1033229403
1056019595
1069722434
1074665725
1085367909
1091459197
1101270347
1120296811
1129154173
1143628741
1158125984
1158208866
1169637483
1173901464
1187598129
1209159707
1227326957
1228639090
1274395126
1294385507
1302251551
1305807793
1378643392
1414028616
1464524904
1507241934
1508155458
1580506003
1584761518
1635103961
1664818101
1771972654
1817385017
1870391814
1937084910
1987934901
2034471918
2067209356
2074180451
2212231055
2248054438
2317432869
2419086770
2443144761
2504383681
2509773972
2578117160
2581535081
2581691278
2592435599
2630375727
2723332922
2810763235
2889356394
2939466762
2968401408
2970308919
2992378758
3285882548
3408311885
2646535
4487303
27070705
28696406
31662704
39397731
82275741
82530788
124116272
124558424