351868130
363169497
364552768
365037431
369185715
370819968
372401321
372577037
373968934
376820746
380258271
381186904
383702404
386405883
393609060
397763409
398144519
398412245
408597616
408708447
417742040
419272183
420906180
437808794
455620713
463350217
464020912
465914637
470660275
471005336
490092462
496880509
502016588
504139764
522927220
525732893
530128838
530226904
530584637
532476207
535073370
540534628
542487471
543955703
549424726
571766496
583015455
594692532
598286191
598794867
619081280
652655911
659851686
676768486
690783548
704058406
707991724
714522876
731491465
731499380
741727599
749330710
754054276
767567638
772589582
775034462
782765007
791134646
791233561
798321423
805632731
820118767
821129115
823889085
825408485
838384212
849627920
851306721
861383319
891238187
892238024
896189280
905115843
905862038
906233814
909763823
914213926
916923230
932990699
934051078
944425415
946379635
971894225
983296488
991718140
1002161142
1014267491
1016337506
1022573006
1023460178