2879094830
2930771779
2933994587
2954040075
2973606583
3036941892
3108719938
3166731526
3189960090
3206916739
3211684830
398174633
876175013
877759526
892618338
894883858
897564540
912379256
919957919
929065613
939866123
952396137
976881727
981775923
984175983
984833093
986280310
990316856
995499024
995573310
997736293
1005073398
1020918501
1033179225
1043979718
1050816564
1053303261
1057327746
1057993106
1065931548
1078747436
1096329443
1126005202
1139710435
1142939566
1147151561
1152837236
1171818005
1174172589
1175514448
1185177828
1194242753
1210137768
1216338309
1219820916
1226243535
1228291459
1243660723
1255748699
1263933788
1271880699
1277009392
1280204039
1289136014
1299823600
1319616528
1329117578
1334989095
1339082807
1348204479
1355048979
1372741804
1442376722
1464776127
1482070094
1511661532
1591037940
1593483707
1593751400
1594423494
1600155589
1606945949
1625400197
1634161593
1659029356
1660944696
1679480310
1691878653
1735267445
1755109131
1762637123
1766770897
1778253410
1780068257
1780069513
1804543702
1918444707
1954574725
1957119260
2055669464