605059949
614252040
614400821
616524482
617820007
619027776
619767468
625798887
631115390
631323334
634156012
635103435
635782002
641428141
641830433
642993845
648525198
648531243
649293282
649295743
651081003
654732919
656269004
656558202
656677519
659088727
670433722
674837658
676214885
692179635
694166821
704119796
707743967
707751883
709918511
709958765
710573148
714974682
724451986
725598203
727380579
731447488
731611397
734126412
734438864
735254899
735913786
737072023
737289426
740135496
740211119
740951655
741939480
743240043
743631128
743773136
745839930
747545536
748521229
751123266
752325030
752994203
753877541
754049924
754270139
754361006
754411066
755374152
757313229
757315991
757703246
764395757
767663429
770018901
770234966
770459878
770638855
771448035
771473038
772463706
772586495
773134914
774534320
775953374
782003082
783053948
784884137
787228647
792740412
804085394
805248016
806248668
807915723
809630824
810639591
811300390
814536546
815238859
820128668
820394895