2853298671
2853298672
2853298673
2853298674
2853298675
2853298676
2853298677
2853298678
2853298679
2854537335
2873465274
2880156400
2880156401
2880156402
2880156403
2880156404
2880156405
2880156406
2880156407
2880156408
2880156409
2880156410
2880156411
2880156412
2880156413
2880156414
2880156415
2880156416
2880156417
2880156418
2880156419
2880156420
2880156421
2880156422
2880156423
2880156424
2880156425
2880156426
2880156427
2880156428
2880156429
2880156430
2880156431
2880156432
2880156433
2880156434
2880156435
2880156436
2880156437
2880156438
2880156439
2880156440
2880156441
2880156442
2880156443
2880156444
2880156445
2880156446
2880156447
2880156448
2880156449
2880156450
2880156451
2880156452
2880156453
2880156454
2880156455
2880156456
2880156457
2880156458
2880156459
2880156460
2880156461
2880156462
2880156463
2880156464
2880156465
2880156466
2880156467
2880156468
2880156469
3171679164
3249888417
3312767330
778938
825133
2302796
4402780
4452043
4513510
7225796
7751743
8412288
14123544
16360417
18961129
19731593
26877129
28209223
29564366