850636556
853183149
857926816
857949572
859389533
860032120
862499334
870591870
874716159
877914541
891478004
892477973
897712150
917702721
919895936
920149153
923761798
928715028
939491874
952490745
952727150
965956636
969684973
972354483
975316185
981684504
981709787
983375463
987839540
996224889
1004318075
1014146876
1015187976
1021224939
1023606525
1024056453
1029021828
1029060597
1029771456
1042001422
1058991443
1059075842
1069992683
1074933632
1094511022
1095140268
1099658499
1109455967
1124263939
1152370948
1165685009
1184740657
1186688280
1193442291
1198398298
1204850687
1226843380
1228940798
1243514396
1248391380
1285743231
1305146000
1315002318
1341041949
1345908673
1346779116
1347753088
1358033660
1431471534
1457378419
1464785109
1475005328
1477802269
1489266545
1531658986
1564165737
1574346974
1591493549
1653829629
1658669660
1754814616
1769881282
1771682851
1776495607
1797023649
1823480630
1844474824
1853253067
1902933178
1905906201
1925705746
1959019487
2010587639
2010592841
2084313019
2092336083
2251321143
2270374198
2283863178
2330845292