26799805
28031413
29206030
29709378
30755492
31448472
32979164
36056257
41723689
43977794
44832576
46792804
49167806
52700982
55029176
55425901
56154604
59344229
61605542
63021267
63513704
64686638
75562252
76093107
77052706
78151275
78657201
79125692
79367292
79502397
79654186
81625570
82571759
82777367
82878743
83552605
84185790
85528403
86015015
86258152
87806721
104567836
106799134
110675877
113274650
115690845
123716744
123939369
137203754
147738986
153650745
154758384
157352991
157863432
158613744
160121181
164007442
164432157
164850890
164899680
170818579
170839556
172675655
172748838
172938413
173792656
173937988
176559983
177413567
178979623
183266858
183940333
190664926
191986168
192964439
204987383
208499835
214938843
215441111
215653226
224266662
229666390
232800786
235563175
236848225
236987333
237865198
241942419
243700597
244898166
249347991
250170370
250740387
250747686
254674441
261759753
261858969
269092019
270025380
270125581