240370107
247221744
247631263
249577455
250014128
250762874
251125326
252928682
252973281
261416295
262043614
262433430
270913339
272428835
275387465
276655027
279615150
280484068
281135510
282157540
282166627
282699035
286569647
289967998
290007092
291424589
295222383
296471339
297970025
301069374
303101383
312987210
314941428
315860998
327472672
331985758
335748265
337677513
342021145
346023363
348464565
349166785
349234677
349724793
350160114
350930418
352265268
353532257
357902549
358066972
359805851
363858209
371184312
373403652
375240303
376203904
377823360
379233568
380505265
381143702
381655539
393419608
393589982
393916576
393947874
397184668
407681191
407698001
407957116
414406685
414630094
415623866
416215883
416399930
417934588
422670755
422905275
437416348
437586286
441357747
441386765
445094277
445313238
448803465
451073991
453996983
454281038
455201912
459759653
460294960
463268136
463755158
464404897
468207317
469182083
470590733
472244256
474527169
477916458
490864995