6684903
7277761
11180558
15766280
29686347
49004046
63668596
100179433
103934403
137870251
172695599
247174132
271519676
274727645
279566285
280359810
287282987
303186470
304935789
328046090
337936880
342633886
346781842
357632889
360996735
373308872
374311231
380209356
390669160
441573405
443764925
493368376
531766028
544913024
545337288
546074173
554004638
576341811
578438943
609824266
610526796
632867236
634205276
649810614
654528898
709276936
715086402
724239721
756511438
761220329
772589582
775374470
786409156
790490294
826138595
839184466
841060686
843281564
851373633
921806958
925509609
941073264
947765604
965451797
984204418
997977479
1070511513
1070563919
1103878456
1106570525
1173321778
1198365345
1241894663
1276467396
1419490945
1431296529
1432639309
1510068880
1542743359
1576489499
1592190475
1604634403
1654137047
1656091793
1789267813
1811682799
1833953156
2668555696
2901302540
2910196828
3301282581
3348076545
3358929149
3564106120
1137395
5750107
10218361
12933482
13490326
15702220
19946985
21547187
26799805
28031413
29206030
29709378
30755492
31448472
32979164
36056257
41723689
43977794
44832576
46792804
49167806
52700982
55029176
55425901
56154604
59344229
61605542
63021267
63513704
64686638
75562252
76093107
77052706
78151275
78657201
79125692
79367292
79502397
79654186
81625570
82571759
82777367
82878743
83552605
84185790
85528403
86015015
86258152
87806721
104567836
106799134
110675877
113274650
115690845
123716744
123939369
137203754
147738986
153650745
154758384
157352991
157863432
158613744
160121181
164007442
164432157
164850890
164899680
170818579
170839556
172675655
172748838
172938413
173792656
173937988
176559983
177413567
178979623
183266858
183940333
190664926
191986168
192964439
204987383
208499835
214938843
215441111
215653226
224266662
229666390
232800786
235563175
236848225
236987333
237865198
241942419
243700597
244898166
249347991
250170370
250740387
250747686
254674441
261759753
261858969
269092019
270025380
270125581
270965604
272402808
272571331
274745134
274842145
275293968
277371389
278033928
278831432
279797515
279851595
280383059
280846257
281135163
282137448
283288156
283942156
285387208
290880097
292544176
292652908
295578209
296942711
296957605
297255790
297448072
297863358
304094168
304723045
304783957
305459521
305865345
305982538
307086877
307111557
307903622
308930113
313204253
314558761
315812170
320373290
321188277
327987904
328314544
329269632
329586485
330565528
330886041
331179946
331248278
331474172
342674331
342785649
343335254
344242191
344534598
345698420
345711944
347763537
348996311
353073950
356339628
359528885
360655066
364252337
369185632
373192123
374102481
376190220
376913899
379345100
379765826
382635402
383149726
386005224
389351363
389975622
392303301
393328759
393882159
395084716
395111301
395998260
396376120
397985222
398312263
401029897
403786405
406298210
407921924
410929009
410960406
411502138
414192731
417657554
417979892
419073548
419316200
421842871
424453739
429440836
435383408
435496683
435610613
437073358
439554177
442036436
443194666
444769984
446766537
448712554
448780625
453117241
453718799
453873428
454959256
455990886
457596520
458419707
465106007
471432083
471598354
471641615
471644773
472641873
474323062
478521715
479601820
490245616
491126368
491579578
493379403
493742174
495952668
496822615
496847181
497854547
498482739
498669454
499930632
506204639
509760999
510185136
512777636
516507650
523216334
524026486
528315430
528399480
528740715
530393558
530719156
531365332
531766028
534990574
540177269
540397154
541140046
543071750
543767401
543918391
543954029
544942653
547022322
550198750
554828642
563415914
564197860
564754726
568312867
569356178
569498958
573212790
574795815
578353348
582028424
582883289
583774330
601502086
602390643
604389587
609430092
609514516
614499272
614505035
616739953
623048343
623346507
623854154
624443274
630539296
631725646
635355781
641079323
641757431
646082553
647937080
651677336
651814517
652248036
652644672
670996148
673224505
673976553
674150731
674878492
675122957
690281224
691432467
694365745
695186148
702111791
704024415
704183254
707225946
707287404
709292366
709518203
710435344
719661633
723828494
729404667
729579089
729617415
731339750
731793815
734334668
735031818
736636970
736715004
739440742
740255430
741456540
745035796
752821265
754540037
755626596
758398945
760867661
764059534
767516821
768252801
770480460
773406108
774020031
776210283
778013718
779068781
779554717
785110799
787270440
790628423
791353309
794217889
794885618
798517330
814293388
814366398
815249220
820296826
820415033
820517055
820520613
821191448
821849460
824739997
824777212
824893472
825624640
826022934
826230841
827988759
834294928
834350976
834355319
834437948
835761531
836851821
838498588
839134957
840292188
840935203
842180416
846756325
846778019
846853439
851404009
853029684
854205013
857553234
858556946
858571616
860772441
861064220
865517310
869494267
869522293
873729787
874184509
877707671
878190987
879898222
893134067
893760199
894064086
894756256
895294534
904301638
904758491
907147264
908044695
908856556
913272688
919236707
919615426
920767307
921774405
923104636
923438661
925940327
929304720
929856681
931070678
931209393
940165548
943668104
945064984
948071568
948076497
948198857
953113946
953701951
962881522
965550427
970224313
971688162
974248449
975005910
977158497
980373101
981637747
981670382
982160972
982202300
983094043
984165764
991237904
992180713
992528222
995935209
1003304054
1003944391
1005964287
1006907074
1010906877
1013821169
1014756418
1019270653
1019932641
1025280701
1025688388
1035109720
1037638797
1040618478
1053525427
1058251209
1061250442
1062209973
1069421787
1071842211
1074179900
1078965349
1083830649
1090953349
1095538258
1095812209
1105021926
1109610236
1115026801
1123077810
1125643230
1127375035
1129501514
1129782182
1130219969
1141685057
1143783932
1146059900
1152029560
1153791213
1165245870
1170761706
1176005154
1178422668
1178978463
1183034761
1193159256
1198609339
1198690918
1207927363
1211055130
1213407023
1224080999
1224194795
1242754238
1243155858
1245594356
1247815066
1252443986
1253184019
1254727796
1258167607
1260498758
1276613820
1279427182
1290983476
1296940581
1298283650
1305432360
1318297103
1342135869
1353792741
1364616178
1374716610
1378379471
1393324512
1395562248
1398006105
1414551763
1415830707
1418767590
1419989337
1424597963
1433050533
1433735853
1439933631
1447628651
1454444111
1468289630
1468816991
1470040923
1476627355
1493650011
1501057917
1524540021
1534717270
1536737087
1543266952
1561208156
1561808766
1561892180
1564753573
1574810018
1582188086
1593948055
1605293636
1614289283
1638960549
1648744586
1649813852
1656028848
1659149102
1660774163
1720981092
1726015811
1732287716
1742530587
1754677007
1763335113
1764986753
1765756562
1774709371
1780916789
1780942168
1784476607
1812203459
1828986604
1852201674
1909134273
1919007462
1930745511
1931517711
1956547799
1968113448
1977674024
1982770922
1986513103
2018319138
2030023104
2037148251
2073128769
2109573636
2165175316
2187001370
2191853938
2208243259
2208463311
2227827903
2228435249
2236360211
2236370874
2242065338
2245723311
2245816699
2291104122
2293067278
2298655515
2319097563
2321282964
2324803216
2375558927
2380046080
2386513112
2390601939
2402868614
2406180628
2421277626
2421694208
2422374963
2451999468
2530575587
2531770767
2531877471
2540967799
2546923399
2572607982
2574257515
2578097869
2590642133
2608088877
2627904737
2628263520
2628535590
2628886795
2641947829
2649090005
2691891965
2714715045
2716778487
2734826637
2735611724
2755536276
2763538394
2793930989
2820550253
2823478669
2825072246
2832098656
2855788359
2891587879
2897866978
2899802441
2903450058
2932518043
2940648812
2970774824
2995171478
3039049721
3048407783
3065906597
3069476950
3093351548
3099588783
3115160566
3121908839
3133365300
3144705908
3187814967
3200789005
3229442865
3249361784
3251303535
3282128131
3284190029
3301155133
3303168257
3312256221
3390652018
3406680449
3437784124
3465115784
3498407614
3516950668
3549671810
3550318823
3552247835
3580046080
1132320
1161918
1842193
2210935
2254877
5685591
6506564
6583091
8724116
9550634
9731203
10962150
11653165
11978657
12356936
12910147
13084607
15614604
16258926
16541210
17070944
18501154
20942986
21497130
21604170
23717394
25732718
27649895
27810343
30360521
31809028
32754741
34203439
35929681
36056257
36601233
38673740
38907806
39110874
39344526
40954471
42087717
43895719
44832576
44967893
45106885
45490168
45589254
45608991
47973605
48217124
48369076
49371514
50679661
50947576
51037029
52979780
53372341
54899259
54965209
55029176
57122650
61661098
61773422
63634875
65761465
65781664
69305984
71248343
75207627
75599355
76093107
76481611
76617814
76651459
78657201
78743234
79125692
79367292
79654186
81383115
81625570
81745861
82571759
82635685
82858193
83293992
84779922
85079144
85443504
86600954
87512391
87806721
88345509
89445600
89518322
89930118
95760738
102102744
105560356
112756881
114029067
114141564
114589116
114728386
115224105
115688465
116151930
116188461
116870643
119162026
120675254
120705276
121785506
123230802
124190119
124409509
124569820
124939747
136175095
137764321
147467050
149237660
149254244
149581533
149957836
153748318
154391099
158222693
164048513
164764033
170143103
172101707
172202342
172533270
175600973
178494639
178818073
181285552
181948229
183196445
184286690
185126311
185501926
185655440
190276372
190641115
191801945
191914014
192228567
195017185
196310985
203139738
204238411
204280230
206461637
211403586
212876270
215424195
215426884
215600094
228800984
229168122
229464763
231865212
234333461
240432682
243194997
243700597
244947002
245271839
247341650
247594959
247975945
249107704
251578603
252272270
252377578
252571288
253198070
253371458
253690670
260000069
260130054
262680176
269241343
269267199
269608202
271731301
272674802
274268296
275313576
276097765
276841922
277854826
278742123
279918016
281135163
281570733
282105545
282165406
282606454
283257477
283259481
283885614
284407716
284948312
284968173
285128891
285357453
286298602