1419685203
1424222470
1447686497
1450761394
1453056321
1453436833
1455362079
1458988450
1466083707
1476164752
1480901471
1486875971
1491739336
1498809165
1509429256
1515498896
1519096475
1519365053
1522044522
1522674136
1532656772
1535651409
1546137921
1549545787
1556700481
1561101452
1565923809
1572152906
1572519267
1575620006
1581116352
1582802473
1584407778
1594086257
1600394793
1606861931
1607894418
1609656806
1621507772
1632453667
1638534668
1647923045
1650394096
1651618124
1667479626
1679503057
1686301603
1696467741
1712358111
1725407218
1732680087
1742750054
1750349878
1755270745
1760863581
1770731536
1776944200
1778225277
1778327319
1779250409
1791270824
1794156411
1803749421
1813094736
1824767714
1826909205
1829074988
1829386983
1832730547
1833568628
1835400781
1849003283
1913143600
1915610565
1915876594
1921858584
1925124310
1929516657
1939597031
1941018158
1947374300
1961288846
1962311066
1964054632
1968244208
1969178369
1969502838
1975176606
2011056848
2020580860
2053361179
2061118726
2069923665
2074963352
2088712685
2095591636
2185505246
2188979929
2195601775
2195847306