228796553
229638304
231280936
234159776
237270680
240100691
240676688
241784047
241852418
243256007
243605730
244215082
244426656
245069036
245167696
247142272
247249241
248116498
248748128
248761729
249047322
249253411
249959593
250252274
250498448
250868414
250904913
251012490
251046159
251190790
252050584
253027904
253390141
253511365
253818850
254359491
254499286
254717907
254914305
258687451
258917629
260816163
263330604
263479852
270206517
270613610
270751200
270892443
271283902
271375393
271466837
271469580
272142124
273042905
273504028
273598405
273944948
274357150
274559728
274921808
274933669
275063222
275600592
275653436
275918293
276002622
277061011
277344822
277503840
277762421
278249617
278523185
278621257
278670572
278756134
279004958
279199359
279501370
279582084
279627575
280364201
280366589
280512550
280573080
280574145
280658826
281081861
281160918
281348448
281525783
283716698
284014519
284363396
284407898
284729294
284910061
284914541
284970015
285399151
285689001