2825926568
2841459430
2841570760
2845739106
2874972313
2892720733
2917751575
2921475196
2922569538
2948322926
2959141672
2973170046
3014707964
3024056971
3036871792
3040127032
3041894253
3068252108
3085484868
3093456031
3093466130
3099987305
3100487990
3153352429
3164758084
3209581387
3225732653
3227876175
3257187641
3347696917
3350880598
3360579683
3363232964
3368622468
3368788493
3368791320
3369067440
3369345346
3369519186
3369743427
3381747643
3383608591
3385742700
3385765910
3387147908
3388505030
3388762968
3388906669
3391558715
3391590996
3391875343
3392173465
3411634545
3461162646
3461181080
3461224059
3461269786
3461397096
3461806868
3461860455
3462202336
3462237347
3462259190
3462713626
3462767479
3462781522
3462795947
3462803100
3462805286
3475289470
3521620443
3521628703
363953
787236
81075107
117399678
176445143
191343447
245315374
251447007
270802819
289816802
303060656
358069235
359650487
364898428
373200637
380014041
389838497
398581845
461451756
490301991
496273548
509978388
510541002
513433049
532173169
542996520
584040649
616996985