286543773
286562000
287080250
287209146
287291335
287771935
287877583
289311567
289522567
290711516
292722527
292990182
294320566
294955831
295752921
295767707
295935763
296825525
297034192
297318487
302760337
303346449
304381490
304980223
306269108
306999535
308521191
308642600
309599737
312160458
312764873
312975678
313322279
313545676
313938167
314094671
314652174
315191507
316170880
316348089
316558592
316745509
317051228
317836868
320004607
321821676
321970296
326530124
327240219
327987904
329058093
329284125
329593194
329846567
330404750
330716178
330853581
331767588
332245771
332821196
332942926
340007662
342331233
342927114
343120742
343171607
344256045
344546700
345825842
346825769
346870539
348076834
350518238
352630784
353746777
355666518
357096355
357603788
358092981
359475747
360021505
360072541
360438764
360655066
361593650
363917748
364085329
365234984
369036982
369037343
369701378
370411810
372055603
372405082
373100451
373273845
373602785
375176011
375378541
376611086
378895867
380703122
381886378
382888177
385616795
386067234
391830363
393274869
393970294
394328760
395108229
395403634
396037158
396045453
397332895
397480803
397763409
398565725
398934341
401903839
402430725
403562006
403982897
405125688
405995133
407033953
409168281
409355656
409594364
409799617
410183406
410231183
410661849
411050865
411568960
412571627
413664729
415406996
415766719
415814283
416046007
416453238
416456722
416884556
417122511
417580584
417834192
417903334
418190364
418424625
418664065
418791008
419316200
419674297
419828924
420661413
422297122
424603304
429234984
429697771
435664337
435728490
437107573
437440387
441806209
442049243
443435325
443604739
443740617
444606303
445400043
445989269
446461068
446888184
446979796
447055015
447336123
448913183
448924367
450695308
451397175
451954614
452205972
452409859
452480515
453583058
457077514
457139404
457246185
457324694
459302161
459419995
460872995
460952806
461207593
461779318
462523944
463812759
465462075
466376361
469424079
469735307
470040115
470045867
472117783
473198897
474422279
475519474
476135701
479250327
479447682
479462221
479510437
479601395
479683343
483230288
484273899
490582881
490716909
490805997
491126368
493525156
493799452
495604402
496960236
497643064
497833149
499200268
502083514
502173885
503419595
503849107
504774926
505153026
505336588
505896540
506463378
506519287
508786616
508845803
509978860
512406734
512600369
512806034
513841613
514058723
515629194
515875371
515980649
516026272
517376712
517536684
522856703
524306845
524508939
527469775
527790855
528186395
529843334
529982761
530378567
530638610
531312219
531766028
532718502
534017853
534122294
535011925
535113545
535206519
535251802
539257057
539889591
540299835
540397154
540475226
540499838
541575547
542794394
544651884
546106867
547738118
549096617
549129386
550324085
552199419
553010827
553527124
553610609
553739871
553997781
554013330
562590533
562832851
562942852
563192842
564284617
564335771
568295423
569514282
569829207
570266312
571300655
571969925
572078296
574288458
574503064
576316749
576352326
578105473
584257329
584322058
584491237
584967717
591523056
591771678
591974288
593319390
594637303
594748804
595030008
595124428
595176916
597100672
597684831
598137239
598250029
599797893
601403360
601648089
602217048
602595589
603333858
604109299
604369305
604659843
605043571
609580662
610560295
617314497
617837262
619192572
619879583
623124236
623538386
623727533
624851208
626682128
627453418
630174027
630456504
631711997
631813808
632606125
634060988
642691941
642996588
645128111
645142994
645816833
645838111
646381393
646642376
647937080
648241265
648782184
649033332
651561757
651642008
657526214
657579089
659510761
659885650
659890275
672322292
673350411
674153405
674380027
690456553
690709435
691259156
691302379
691405431
694910785
694943962
694957775
695642228
706790633
707294290
714165123
715076693
723697453
724110952
727451952
727723407
731258804
731455569
731509806
735031818
735643790
736169538
738819792
739807681
741832419
742952427
743834874
744991166
745069492
745922150
749896183
751033383
751185869
752174908
752426795
752828887
752968392
752994203
754396998
756383566
760039916
760097807
761733857
766364755
767175797
767651214
769992862
770620555
771473038
772181556
772860557
773424367
775000486
775761870
776210283
776375935
779264494
781346229
781530163
782420975
784603650
785186615
785931133
786531743
786567862
786829885
786849116
787258580
792151550
794416835
804152808
804438949
805660735
807327076
809114135
809246051
809361308
810015228
811543345
812509623
814002447
815165746
821629961
823802763
824657754
824742117
827012547
827249133
827571099
834258929
834634291
834833251
836673174
838183826
839433270
840667969
842165341
842205653
842340261
844179770
845227501
846756038
846774747
847388104
847997330
848829518
850725122
850943353
852848531
853691936
857372950
858672508
859592395
859666926
860826257
862245420
863134540
863671894
865216141
865920325
867070866
867356574
867794406
869522293
870862415
873636766
875259344
876074111
879316793
879787176
885221172
892753705
897724991
903395939
906709701
906794040
907590918
907997893
908830782
910759818
912579098
912639730
914208299
914592542
914636107
914763722
915740043
917580424
918024883
919521894
923410505
923660729
923806047
924030845
925110221
927003779
929534578
930332967
932581834
932873865
934051078
934846050
936417010
937170171
937881655
943196347
944582283
945289009
945429519
947504843
948589457
948875249
952655384
956031873
956539334
956857828
957383693
958110051
960410855
962796330
963335788
964791429
964794643
965287284
965640953
969340968
970331784
970582664
970923282
972781060
974209591
974918947
976539222
977411810
977616976
979126606
980072676
980205470
980267180
980381082
980573745
983175822
984953795
985368868
985391185
986076694
991207680
993303561
993854059
994890081
1002396258
1002777838
1005188330
1006544873
1007462445
1007642605
1013521060
1015215689
1017912077
1020378774
1023636343
1024508450
1025033554
1026897036
1028805119
1029123526
1029717396
1031763089
1037079926
1040106501
1040821305
1040856664
1041145022
1041395004
1041684558
1043094523
1044128320
1048110191
1048531404
1051826548
1053428258
1054018908
1054231127
1056197960
1061023220
1064168615
1065775166
1067541544
1071842211
1072347630
1072968553
1073614029
1074179900
1074435395
1074816443
1076162336
1076234792
1083132260
1083809097
1084742864
1085650959
1085686790
1090009576
1093608617
1094893933
1095538258
1102410359
1104451119
1104833186
1106473399
1109045164
1109233902
1114635576
1119725719
1120321844
1125674862
1126811042
1127375035
1139835668
1140537678
1143751561
1144596723
1146059900
1148959869
1151103636
1151955525
1156558346
1164731706
1165349491
1172405679
1172813500
1182440168
1182763845
1182771080
1185194953
1186138008
1191082671
1192753302
1192811741
1193188998
1198251984
1204009524
1207793614
1210053781
1227542034
1239087052
1240018639
1240766406
1241797306
1242468651
1243765702
1246430109
1252246084
1255748699
1256890302
1258391851
1261061501
1273626616
1274383232
1276944877
1278823650
1280189048
1284897615
1289758793
1296940581
1299024515
1299112408
1300355694
1303995252
1306162623
1308382077
1312264972
1316130236
1318367750
1319614343
1320366820
1322708853
1337848033
1352251310
1362106193
1363659943
1370641154
1371018008
1376988279
1394342790
1403611232
1415418745
1418767590
1422416417
1427582714
1429267554
1431759824
1450141286
1456404799
1473884057
1475485304
1485667080
1492964797
1493650011
1497053388
1501227967
1501408205
1505944145
1509429256
1519181583
1519181716
1520925853
1521206523
1521464622
1542394738
1544631827
1553193387
1554517820
1556249031
1556307816
1559644782
1562006857
1564753573
1572485813
1578744001
1584780980
1585102622
1585728380
1592847466
1598790313
1608654093
1626060545
1633947167
1648744586
1650452786
1651101508
1667023175
1668644924
1678420731
1696949110
1711814879
1714147332
1716764742
1723398995
1730708184
1730936441
1736627007
1739421132
1745760548
1746518427
1748195839
1755920725
1759276208
1761759925
1765093670
1768353272
1770124454
1774239502
1778607822
1787908768
1795894560
1797238597
1803296954
1819666589
1821225666
1821384365
1825662085
1831705967
1835943610
1840014889
1845071891
1845587258
1848816376
1853977687
1870464267
1872611313
1875509525
1921703415
1925471916
1930745511
1931517711
1933845013
1935333068
1936495766
1946399769
1956547799
1961363417
1963786145
1985222151
1993389734
2013428696
2018319138
2030023104
2050481693
2061929249
2165175316
2174918834
2208463311
2210937672
2214945054
2217460851
2220759504
2226897620
2245181878
2245723311
2245726611
2245816699
2246197702
2246915599
2254528717
2256095520
2269372822
2269907397
2273885984
2277837235
2290253897
2303544959
2331223531
2363627681
2368080816
2369639136
2369683461
2371805460
2376000269
2380046080
2384848192
2386882488
2392326000
2398386260
2406180628
2409166689
2411734883
2420633021
2425808386
2436553829
2439288028
2446431537
2451107005
2454788262
2458113402
2464139196
2466182623
2467876618
2471112500
2472105753
2472392277
2478864251
2511179881
2511611446
2519290880
2524446117
2528121631
2528464784
2535184574
2535658848
2540967799
2545243249
2546923399
2554220227
2564041225
2565165968
2604787686
2608088877
2622894762
2624404496
2627904737
2633625802
2634052465
2636284083
2640913983
2650141198
2650493959
2650949394
2655767354
2663718508
2681909139
2692802690
2700044456
2715088052
2715362336
2716778487
2725056250
2734929482
2747599136
2764954764
2775871401
2788153779
2790529403
2791203804
2792515759
2801271389
2801871261
2817482924
2820550253
2826149647
2827696122
2831508727
2867775343
2875503840
2876199948
2878451086
2898079683
2903450058
2909902208
2913252577
2920689385
2922548897
2925558706
2932518043
2932985374
2935728149
2937340343
2940478551
2942038551
2954068261
2956524120
2965019491
2966575166
2968969633
2970256770
2970774824
2974115119
2990125464
2998581674
3021396843
3021987908
3025852110
3029280010
3038232768
3039049721
3042259390
3043722232
3051079775
3052748622
3063837331
3064724506
3069476950
3072362140
3072551509
3086004864
3086809846
3099588783
3101845188
3105064993
3109351916
3124538554
3125595338
3143869473
3144705908
3178301035
3183219413
3187814967
3188940142
3189105439
3194496946
3200789005
3225581630
3227701186
3237797773
3249353050
3251303535
3254478841
3265151416
3277098125
3284190029
3291575640