1315897237
1354537811
1364049796
1417014757
1446693744
1481982096
1491753182
1608409379
1678622801
1968489092
2290355733
2293950545
2457791356
2816198106
2826635992
2959652516
3076161369
125258
1464707
2025443
4513510
4838514
5602284
7836938
9768439
12036753
15094644
20856140
21022657
22732224
24889263
26173839
27733218
27909824
27939000
28209223
29564366
29575907
29746547
33692564
35939570
39385072
44480372
45892047
50708290
51564256
51728733
56175911
58335821
58603055
61013234
64004778
67589989
68570527
76489366
76841498
77622679
81076121
83565210
84323798
85503938
87520030
88466442
99501616
100810825
100987684
107937172
110033892
110161904
110498565
113531414
120035235
120263175
120454013
120908621
122603474
124116272
124800108
125568345
126644938
150798181
153697026
176582262
178305390
178841572
181352445
184109287
184674762
184806776
185492847
188698783
190112949
190277347
190929745
203246640
214955705
215842320
223010792
229721897
232777098