416065510
417734908
420123272
423850863
425257273
429688434
429824252
434989248
435786084
438548059
443544012
445306531
446092761
446439570
450356353
450605653
450876891
459596396
464061469
465338783
465492636
465702973
466065217
469109876
469406379
472144015
475741987
476620333
478321810
490945188
492571223
493405036
495150997
495368705
496715360
496748838
497574489
497683750
497792152
498669454
499753855
502207638
502819352
503701524
504496016
505017583
505058053
505542964
505775320
506036434
506488532
510182677
510775562
512392164
512471771
513381767
513722608
515060434
516776423
517379437
517981910
522456877
522724027
523630196
524742519
524833057
528507595
529523924
532035646
540397154
541780962
543902248
544178352
544252702
546987828
549061298
549850782
553213475
553555252
570789570
570812139
570930273
571969925
572692092
574737280
575164099
576200383
578152816
578256130
591043608
591045814
592855417
593350150
593656878
594618717
597282586
598794118
599218566
601442630