378895867
380703122
381886378
382888177
385616795
386067234
391830363
393274869
393970294
394328760
395108229
395403634
396037158
396045453
397332895
397480803
397763409
398565725
398934341
401903839
402430725
403562006
403982897
405125688
405995133
407033953
409168281
409355656
409594364
409799617
410183406
410231183
410661849
411050865
411568960
412571627
413664729
415406996
415766719
415814283
416046007
416453238
416456722
416884556
417122511
417580584
417834192
417903334
418190364
418424625
418664065
418791008
419316200
419674297
419828924
420661413
422297122
424603304
429234984
429697771
435664337
435728490
437107573
437440387
441806209
442049243
443435325
443604739
443740617
444606303
445400043
445989269
446461068
446888184
446979796
447055015
447336123
448913183
448924367
450695308
451397175
451954614
452205972
452409859
452480515
453583058
457077514
457139404
457246185
457324694
459302161
459419995
460872995
460952806
461207593
461779318
462523944
463812759
465462075
466376361