867356574
867794406
869522293
870862415
873636766
875259344
876074111
879316793
879787176
885221172
892753705
897724991
903395939
906709701
906794040
907590918
907997893
908830782
910759818
912579098
912639730
914208299
914592542
914636107
914763722
915740043
917580424
918024883
919521894
923410505
923660729
923806047
924030845
925110221
927003779
929534578
930332967
932581834
932873865
934051078
934846050
936417010
937170171
937881655
943196347
944582283
945289009
945429519
947504843
948589457
948875249
952655384
956031873
956539334
956857828
957383693
958110051
960410855
962796330
963335788
964791429
964794643
965287284
965640953
969340968
970331784
970582664
970923282
972781060
974209591
974918947
976539222
977411810
977616976
979126606
980072676
980205470
980267180
980381082
980573745
983175822
984953795
985368868
985391185
986076694
991207680
993303561
993854059
994890081
1002396258
1002777838
1005188330
1006544873
1007462445
1007642605
1013521060
1015215689
1017912077
1020378774
1023636343