945664834
949054429
949320034
951076584
952664325
954324280
956549108
956953161
960012926
963545745
964011360
965050429
965477786
969413861
970202423
972324576
972657119
973521880
977275088
978761568
981229873
982953266
983253037
983740722
983803682
984026565
984413393
986876985
987113632
987496680
991040886
992741605
994686298
995271339
996789158
997180733
1004355448
1004850768
1006110793
1006230168
1006439833
1009156739
1009349432
1015471951
1025320842
1027233477
1028252129
1031275707
1032230294
1036719874
1048456652
1054454120
1056950259
1056954008
1057646854
1059236835
1060745524
1061752827
1062038141
1070507508
1072401760
1073021493
1073067068
1090381209
1102542167
1120768780
1121817851
1132592423
1134159579
1134836964
1137132007
1138922120
1141524695
1142636555
1143638514
1143788236
1151622686
1154961229
1156233577
1159303144
1171121700
1172665946
1175342186
1184306274
1191424319
1192852324
1193677576
1204168313
1209798289
1215525165
1223100716
1226451309
1228728309
1228809733
1249466561
1252636298
1254536924
1256976942
1257940757
1260013229