2549502991
2549708288
2549769219
2575355257
2578311596
2578405527
2579655753
2580669854
2601029170
2604363028
2605039756
2605262116
2605366084
2605626114
2606187036
2607745922
2608617713
2609437845
2625293415
2640918702
2673287449
2683195666
2762416369
2791033285
2997626221
2997956936
3071036738
3097825128
3107848286
3241943642
3308173310
3377196006
3378152949
3442583379
581218
1464707
6041550
15275836
25362594
32042463
46893115
51913136
56508929
67827588
84770508
94370261
103823051
116576396
124915857
157408648
158275449
170406450
172531374
175352377
244132830
245671272
271377767
277913471
278386373
301069374
304050645
308165674
310394364
343583446
351384110
357259566
360372517
363026745
364552768
373968934
396325156
408708447
450490336
454036284
457624750
464020912
543955703
549424726
550738202
562700708
583596541
594692532
619081280
623734233
714522876
744195049
761091117
772589582
786352260
791233561
849627920
851306721
892238024
904527293
914213926
916923230
1058782877
1059402670
1103974637
1147878994