11978657
12356936
12910147
13084607
15614604
16258926
16541210
17070944
18501154
20942986
21497130
21604170
23717394
25732718
27649895
27810343
30360521
31809028
32754741
34203439
35929681
36056257
36601233
38673740
38907806
39110874
39344526
40954471
42087717
43895719
44832576
44967893
45106885
45490168
45589254
45608991
47973605
48217124
48369076
49371514
50679661
50947576
51037029
52979780
53372341
54899259
54965209
55029176
57122650
61661098
61773422
63634875
65761465
65781664
69305984
71248343
75207627
75599355
76093107
76481611
76617814
76651459
78657201
78743234
79125692
79367292
79654186
81383115
81625570
81745861
82571759
82635685
82858193
83293992
84779922
85079144
85443504
86600954
87512391
87806721
88345509
89445600
89518322
89930118
95760738
102102744
105560356
112756881
114029067
114141564
114589116
114728386
115224105
115688465
116151930
116188461
116870643
119162026
120675254
120705276