491361379
491385170
493144710
493491369
496676480
497590870
498395502
499094699
501783790
505427250
509496729
512925822
515158495
515683802
522621734
524637998
525112400
529999171
530710363
530953688
541460557
542903154
543256957
543326662
544199193
544464942
544511876
545942579
546466353
554010614
561412564
563149027
564189602
565117688
565280653
568855965
569541006
573458218
574863541
575950325
577062256
578074239
592733914
594364090
596319962
597590735
602023663
604026584
609406648
617114799
617951810
619308416
632536270
632956810
641814489
644658471
646651846
651416554
664022374
675015558
690284435
690580054
690942522
694704324
694977701
702089673
709829545
723417006
728261966
739940557
744195049
744345156
745244716
751978277
752470785
760316457
760985793
767566146
767705999
770065467
772775828
775427640
782598298
783863332
784439122
784904515
787023541
806438156
806463316
821490907
824077945
825213999
837795571
838797226
839381143
841497696
843495665
845264266
848922641
849402265