1280189048
1284897615
1289758793
1296940581
1299024515
1299112408
1300355694
1303995252
1306162623
1308382077
1312264972
1316130236
1318367750
1319614343
1320366820
1322708853
1337848033
1352251310
1362106193
1363659943
1370641154
1371018008
1376988279
1394342790
1403611232
1415418745
1418767590
1422416417
1427582714
1429267554
1431759824
1450141286
1456404799
1473884057
1475485304
1485667080
1492964797
1493650011
1497053388
1501227967
1501408205
1505944145
1509429256
1519181583
1519181716
1520925853
1521206523
1521464622
1542394738
1544631827
1553193387
1554517820
1556249031
1556307816
1559644782
1562006857
1564753573
1572485813
1578744001
1584780980
1585102622
1585728380
1592847466
1598790313
1608654093
1626060545
1633947167
1648744586
1650452786
1651101508
1667023175
1668644924
1678420731
1696949110
1711814879
1714147332
1716764742
1723398995
1730708184
1730936441
1736627007
1739421132
1745760548
1746518427
1748195839
1755920725
1759276208
1761759925
1765093670
1768353272
1770124454
1774239502
1778607822
1787908768
1795894560
1797238597
1803296954
1819666589
1821225666
1821384365