707759161
710439852
710631651
710835458
710872814
710907280
714731665
714856783
715821610
717091634
723361109
723487368
723977236
724325488
727162722
727233976
731074564
734578845
735684010
736331785
736365315
736718594
737611384
738174697
739163881
739930303
740250213
740466893
745449635
745893913
750858373
751512980
751547475
751626209
751995330
754015276
754091521
754201361
755612547
756299071
758718746
760694751
763327901
763901582
765143909
765231600
765327510
766095919
767593829
767790172
767971871
768795507
769881655
771514416
772807369
773273303
773886019
774110035
781755493
784148654
784253626
786282851
787693624
787700162
787941028
790156790
790425861
790479077
790843524
791294114
791391573
791757377
793058706
793355953
793566522
794695744
794813289
794890958
798196534
799872922
804636960
805374930
805609029
806701624
806993531
807082401
807247530
807629403
811709536
812138610
812325536
812748621
813112907
815967825
819023200
819300689
821822617
824373554
824719194
824769118