6162518
6629929
7819904
8390193
11925787
12688126
12769939
13812061
14767453
15289690
18107450
18961272
20174538
21804439
25269066
25346529
25514529
25766505
25968426
26854777
28399833
28474204
29198920
29860615
30056937
30317858
33588851
33605745
35403149
35558693
35793970
36795185
37857725
40155450
40175127
40368845
41275210
41745951
43663741
44238336
45478228
45572248
47661493
50305759
50667027
51855641
55179791
56333655
64116710
75464378
76387774
80908286
82332047
82842207
84055492
84542666
84873948
86057484
88914191
89077307
89797695
93677354
99912535
103262876
104100042
104555016
104629141
105627576
106438859
106494029
108316180
108900306
109099576
109495796
114242415
114272206
115832160
116701909
117559065
119781796
120255016
121112583
121836207
122232852
123637126
123811250
124226543
124461571
124486560
124555594
124579250
125148469
133384613
136406091
137523547
137935803
147062507
147112642
147173492
147175813