276366687
283287215
298112166
306568673
316900968
320397429
329733795
340123529
347514851
350392642
351646355
357223305
360394641
361642500
365752944
371924487
377043163
391695726
396003303
397578141
398332319
402303089
404421249
405940535
406647562
407698001
408708447
411672883
415030267
416652644
422081516
445473178
446403040
446545172
459198674
464258892
466490750
470796539
471600854
474724917
475074113
491326338
492757400
495104722
499016793
506483990
511765907
515140304
516743647
523510126
525875858
527188779
527449659
530385128
530862777
534488367
540397154
540444488
541698691
542599105
545953880
549435704
565149906
568108379
568115572
569315612
578971337
583443934
583703710
601773224
602128267
603295714
614155262
616198683
617545209
623722093
625365579
625725957
626240894
627056105
630925091
640931240
646214748
646390861
649916898
657393094
674084570
693096481
709934448
714515245
717312902
718559377
719681739
719978855
732731007
736852776
747672882
748421412
753721086
754634228