469424079
469735307
470040115
470045867
472117783
473198897
474422279
475519474
476135701
479250327
479447682
479462221
479510437
479601395
479683343
483230288
484273899
490582881
490716909
490805997
491126368
493525156
493799452
495604402
496960236
497643064
497833149
499200268
502083514
502173885
503419595
503849107
504774926
505153026
505336588
505896540
506463378
506519287
508786616
508845803
509978860
512406734
512600369
512806034
513841613
514058723
515629194
515875371
515980649
516026272
517376712
517536684
522856703
524306845
524508939
527469775
527790855
528186395
529843334
529982761
530378567
530638610
531312219
531766028
532718502
534017853
534122294
535011925
535113545
535206519
535251802
539257057
539889591
540299835
540397154
540475226
540499838
541575547
542794394
544651884
546106867
547738118
549096617
549129386
550324085
552199419
553010827
553527124
553610609
553739871
553997781
554013330
562590533
562832851
562942852
563192842
564284617
564335771
568295423
569514282