930327748
935570260
936092441
937903613
939740372
939842444
939919792
939946039
940058518
941179746
942309307
943588680
945350331
947339103
948616277
953215711
953419356
953699586
954092924
954580305
954734771
958166735
958435136
961963607
962138180
962167464
962806029
964171178
965268428
965893254
970811380
974642887
975175017
976506665
980008480
980384920
981091447
982491707
982592106
983177102
985392290
985566743
985971400
986271053
987221904
987976674
992574149
993934060
994831082
995206971
995401745
995522249
997582974
1003067545
1003820659
1005267980
1005497238
1005744357
1010031141
1010046446
1012267292
1014144009
1014189541
1014420384
1017751573
1018455294
1018514049
1018516519
1021982703
1023190198
1024330529
1025446442
1026104300
1028545407
1029530271
1031764104
1032998251
1034267269
1035311366
1035373456
1038483640
1042133635
1042169139
1044358111
1046186166
1046387905
1052829319
1052830639
1052998659
1053441942
1053467804
1053477920
1055772517
1056647805
1056928185
1061324924
1063509542
1063538324
1064183647
1064550456