1065714307
1067167893
1083035960
1085351966
1091341623
1093380424
1098259248
1101145872
1103674090
1104521757
1106693054
1109533554
1124542349
1126110876
1129865150
1131557608
1132547397
1137908189
1141246159
1150900790
1152422942
1157856585
1160827961
1164731628
1164783944
1164963076
1169288589
1169650130
1178455618
1178606244
1181367156
1182944028
1186407072
1193832390
1194362175
1196564296
1197055664
1197132927
1197525708
1203292402
1203502038
1207171212
1228783534
1240956041
1243847433
1248995072
1250895486
1251337793
1251779823
1254586112
1269154378
1270333540
1275862117
1284999247
1294077153
1301699987
1324109598
1325303590
1326233993
1326364766
1328802853
1330363063
1339825822
1355393324
1360213068
1366975320
1390555744
1398490668
1404049502
1414295981
1415035230
1415316776
1419974882
1428440767
1429237636
1430592695
1448363866
1449907467
1455662664
1459406582
1464448908
1479236626
1499813363
1520884123
1522508349
1524413566
1529639838
1538304668
1540948039
1542378376
1547579950
1549141734
1552063575
1552406404
1554756200
1561300334
1564335717
1565903092
1569462195
1574585720