3306095868
3331206963
3350425304
3356915738
3364758312
3378424325
3380676243
3390652018
3406680449
3408614649
3437784124
3449647524
3454271619
3455076933
3465115784
3485443818
3495325781
3495598135
3498407614
3513043924
3530161681
3539221397
3545774304
3549671810
3550318823
3552247835
3559306069
3580046080
8710494
12377110
16589147
24471996
31321686
46340162
48942047
56208738
65593871
68461175
84608501
97274048
99754810
118143845
137527263
159019764
171663523
172839604
173937840
215224867
249935251
250938515
253225483
278244180
287451996
308336614
329097257
339045994
342969164
348810646
352881067
365442649
378784655
379234281
407698001
409344716
414799805
415288898
419062564
420848507
429172760
429536028
446138719
452758769
454401616
471644434
490864492
491744480
517300135
529920380
540397154
550462095
591449981
592651443
598974005
627236663
632181649
676702770
734593785
736002963
744086676
806500664
825408485
853677597
872408555
873618983
906675511
906675756
911487540
923370145
924301007
934369098