1067606043
1069807621
1069926268
1072620399
1073934573
1084875147
1085022134
1085250307
1085474812
1085779293
1092017680
1097403794
1098347956
1103199252
1105962375
1106353963
1106693054
1109533554
1123825168
1124050392
1124854100
1125374656
1126110876
1127055633
1129154173
1131524117
1135319147
1135646273
1136260275
1136874481
1137327386
1141734223
1144584270
1149505098
1151058851
1151402670
1157856585
1161003014
1161927267
1164963076
1165089112
1169151641
1172205905
1176912860
1182758521
1185149624
1193785756
1195362612
1196430726
1203723285
1213384852
1215027335
1223490521
1223965260
1224840689
1224991024
1240092956
1242111591
1245557279
1246038705
1250261192
1250907703
1253443451
1253584235
1257952149
1259362044
1261781746
1270333540
1270668470
1274634590
1279384776
1282570197
1296965094
1303159750
1308068876
1318643161
1321294519
1323772988
1325303590
1328302249
1340295023
1352014673
1354280386
1357168607
1364337561
1365203231
1370423278
1371300518
1372288481
1373785061
1376179471
1392348151
1401957137
1404566476
1406890745
1412733698
1413700119
1414806689
1415884141
1419343337
1419685203
1424222470
1447686497
1450761394
1453056321
1453436833
1455362079
1458988450
1466083707
1476164752
1480901471
1486875971
1491739336
1498809165
1509429256
1515498896
1519096475
1519365053
1522044522
1522674136
1532656772
1535651409
1546137921
1549545787
1556700481
1561101452
1565923809
1572152906
1572519267
1575620006
1581116352
1582802473
1584407778
1594086257
1600394793
1606861931
1607894418
1609656806
1621507772
1632453667
1638534668
1647923045
1650394096
1651618124
1667479626
1679503057
1686301603
1696467741
1712358111
1725407218
1732680087
1742750054
1750349878
1755270745
1760863581
1770731536
1776944200
1778225277
1778327319
1779250409
1791270824
1794156411
1803749421
1813094736
1824767714
1826909205
1829074988
1829386983
1832730547
1833568628
1835400781
1849003283
1913143600
1915610565
1915876594
1921858584
1925124310
1929516657
1939597031
1941018158
1947374300
1961288846
1962311066
1964054632
1968244208
1969178369
1969502838
1975176606
2011056848
2020580860
2053361179
2061118726
2069923665
2074963352
2088712685
2095591636
2185505246
2188979929
2195601775
2195847306
2237770147
2241531386
2258734510
2271912584
2273919556
2284479039
2313271435
2326735570
2365825409
2367890458
2370615032
2375534334
2380946817
2391758063
2395678106
2424715432
2424939758
2426283034
2445816360
2446306006
2455296991
2456661800
2457791356
2468847702
2482628182
2491563015
2509842678
2533208855
2534303021
2575391746
2577602728
2583083204
2601973269
2623434652
2633659790
2651235606
2670364130
2671340589
2682992876
2711029364
2723549858
2732809968
2767807624
2791234155
2799395803
2802976810
2840106572
2842612838
2844413826
2864772243
2873659419
2892736635
2895535055
2910194245
2927064023
2938017375
2943766977
2948556157
2958555429
2971106394
2971282994
3039543271
3115596937
3176749843
3469312011
158785
166418
437483
559882
973360
1046877
2302680
4370105
4631189
6382683
6837173
7019536
7296661
7766545
7777891
7980653
8032273
8928031
9960770
11382818
12852946
12962793
13679458
15635586
16757777
16922232
17338345
17822378
19233046
19436848
19608925
19968387
20102473
20175145
20569843
21439973
22992713
25919217
26886861
27306465
31840676
31916113
33323846
33938365
37703880
37725464
39490252
40301567
42894414
43041281
43808374
44632180
45553700
48249455
48701283
49449951
50234743
51652907
51869802
53181270
53948327
54142215
54304224
54357537
55901419
56859215
56884408
57570119
57638019
61263553
61837622
64956025
65432875
66826994
67887349
68266919
75805312
76022727
76327446
76965467
77424034
77952839
78076827
78490761
78685366
79338131
80184051
80202952
82177746
82846643
83226111
84104330
84643180
84737897
85601530
85885010
86602882
86612244
87017342
88654771
88935811
89389138
89521760
93927583
95700563
97656591
99300985
100520234
100987684
102078372
102138072
103187287
103525069
103646991
106090554
107048358
109490747
110457226
110566283
112719613
113796147
114752208
116375978
116747530
116835814
117728428
119019816
119713928
120339754
120475638
120789613
121753394
122125121
123095070
124142952
124803652
125888058
133760232
136597463
137544099
137775836
139180532
150159861
153400765
154314266
156133442
156717007
157770194
158031579
158166430
158538435
165225226
170317924
170858589
170982368
174977289
175051561
175306182
176077995
176232585
178222378
178854652
181808987
181915829
182466297
183135627
183909643
184119831
184681556
185110541
187113856
190934181
195333144
200803309
214531171
214692360
215116730
234231341
234671187
236144659
236483558
236513328
237330525
240314997
245049656
245069036
249318671
249376821
249465845
250246202
250409889
250694958
251013758
251506364
252307463
252498517
252725455
252859154
253250459
253904602
254135535
254199970
254410322
254675532
254875652
258687451
260270133
260290551
260652727
261943033
263359522
270361581
271648753
272033022
272051644
272119314
272360670
273467188
273504028
274823023
275254683
275657014
276009376
276058159
276171204
276631479
276658000
277344822
277502447
277548665
277685823
278850622
280691931
280931154
281535086
281673374
282000972
282475185
282524556
283123601
283426171
283955303
284227932
284484196
285252082
285253130
285968702
286831375
286866325
289093208
290282436
291527742
294347351
294622414
295726868
295920911
296008516
296375300
297293092
297396915
297485837
297617305
297762582
303347639
303747403
303961926
305062181
305243797
305357322
305654660
307544865
307992012
307998407
308174661
309410682
309652265
310381223
313861181
314095321
314654974
315722465
316080922
316134152
316324725
316750024
327740178
328716441
328778401
329073275
329197095
330317508
331294352
331776473
337239575
337698677
339735057
342047965
342615649
342692143
342933477
344029620
344569829
344570306
344946354
345271271
345534251
346127139
346791922
348031749
348504861
350393513
350744034
350987027
350999259
352613528
353304356
353485547
354437571
354994831
357777905
360289500
361008958
361236519
362111423
362184972
362272983
362816005
363129282
363285975
363623813
364064625
365614615
365689135
366435071
369698360
369715534
370102642
371637729
372128227
372932630
373133840
374838445
376398442
376420904
378050373
378423722
378711512
379002907
379485638
379500660
380139473
380246954
380958288
381447672
381999744
382464282
382848976
383709827
383904268
383938455
384230385
385138687
386972672
387708938
389173880
390268956
390433318
393175852
393397968
393419608
393451895
394963394
395614738
395669756
395836301
395865708
396378884
398477561
401443529
401766423
402533765
402558883
402980797
403740775
404941817
405216478
405740979
406039722
406264663
408595901
408708447
409097395
409368122
411387642
411423207
412481016
414465034
414739832
415541583
416155001
416229063
417172000
417857007
419423468
420170010
420565988
420638354
421596481
422540149
424311604
424364887
425004186
429296668
429590631
435626737
435892684
438720763
441020067
441414916
442443504
442688622
442941090
443032264
443037026
443424694
443915149
444101960
444103189
444136539
444831461
444850970
444932507
445137252
447084082
450185787
450671493
450855246
450940451
451088675
451537217
452320702
453235760
453636932
457235578
460548813
460550420
461337983
461873897
462411189
463153408
463494867
463572131
463997677
464828220
466294155
466432053
469147879
469297226
470038611
470408876
471265300
471380794
471473484
474796607
475596701
476690849
476859852
476962159
478207516
478829992
478986906
489397432
490970579
491397088
491758312
491840560
493613539
494273237
494536211
495174471
495556727
496103310
496887333
497558698
499027428
499821765
501596920
501980586
502147926
502614232
503527295
504298756
504387919
504632955
505951223
510434532
510473799
511723124
513525605
514093857
514576201
515002495
515259467
515803726
516432034
516571981
516574675
516645548
516770283
517182043
517334118
517428084
517551720
517790248
519368808
523020381
523819574
524956771
526069398
526234261
526686098
527895394
528445999
529156976
529616889
530623134
530865721
531611592
531766028
534837262
534849662
534850881
534935348
535908602
537525931
539980470
540202020
541491286
541607033
541838337
542038705
542565203
544711917
544819805
545492005
545507849
546375592
546522445
547539848
548555594
550260235
552184914
552343801
553631007
553722126
554732493
562513710
562908088
564380588
564752071
564823060
565688469
568426936
568571021
569265413
569335708
569666634
569826176
574177526
574481636
576796257
582991819
583001395
583730366
583806263
584560976
592646173
593210945
593699486
594994474
595175916
595210133
595280020
595698763
596762845
598192875
598329279
602732635
602843214
602878131
602888169
603448951
603706609
604172809
609977401
610750992
615396131
615444325
616475460
616820902
617931296
619171902
619306719
624646525
626152000
626751920
627092021
627176087
627467116
630078552
631188311
631389476
631749369
631826720
631854822
631894301
632209047
632368629
632462147
632654184
632986955
634047745
634292739
634335273
635216219
635406273
635572380
635642247
640918066
641506188
642934201
644356934
645230701
645398047
645441373
646483737
646489736
648008590
648265188
648475659
648875130
649768201
652641156
654454028
654872473
656417074
657204852
657474807
657676928
657694465
657832227
659075529
663111520
664668668
664775448
670729882
670802094
670920279
672074857
672409760
673645956
674254002
674484580
675636548
676299480
676805587
694100130
694213315
694543011
695303806
704324501
704891530
704953934
707710332
709100260
710046922
714434303
714514533
723520371
724325488
724420345
726553229
727458264
727479257
728870194
729725133
734590781
734595537
735271851
735362050
736854244
736948423
739729481
741115254
741643328
742428918
742839041
743007580
747713872
754015276
756024049
757156172
757356751
757519900
757638446
761321300
761632003
762499395
763108965
763361027
763459432
764006541
764534084
764973360
765675615
765782059
766095919
767192910
767248377
769576926
770387995
772134519
772721312
773190982
775055003
775420922
775779131
775856917
778195947
782032847
782389084
783381515
785024154
785546975
787693624