540397154
1161944036
11180558
15766280
29686347
49004046
63668596
100179433
103934403
137870251
172695599
247174132
271519676
274727645
279566285
280359810
287282987
303186470
304935789
328046090
337936880
342633886
346781842
357632889
360996735
373308872
374311231
380209356
390669160
441573405
443764925
493368376
531766028
544913024
545337288
546074173
554004638
576341811
578438943
609824266
610526796
632867236
634205276
649810614
654528898
709276936
715086402
724239721
756511438
761220329
772589582
775374470
786409156
790490294
826138595
839184466
841060686
843281564
851373633
921806958
925509609
941073264
947765604
965451797
984204418
997977479
1070511513
1070563919
1103878456
1106570525
1173321778
1198365345
1241894663
1276467396
1419490945
1431296529
1432639309
1510068880
1542743359
1576489499
1592190475
1604634403
1654137047
1656091793
1789267813
1811682799
1833953156
2668555696
2901302540
2910196828
3301282581
3348076545
3358929149
3564106120
10218361
12933482
13490326
15702220
19946985
21547187