604495103
604676545
609033423
609124028
609297098
609579828
609667827
610153214
610227013
610955625
611068261
613608389
615343450
616053371
616209008
616597797
619674605
624988102
625839240
627759685
629464956
630839495
631381763
631395064
634644789
635094672
640868631
641315003
642744764
642919070
643154966
644634265
646203064
646504999
646900461
648944091
649657494
651429309
652915317
654057245
654060903
664196359
664221594
669170971
670018653
670045776
670344860
670545364
673337173
673535925
673997585
675388116
675924446
676489408
690090898
692512377
694633093
695286974
702554440
703638133
704374778
705432844
706684435
707994254
710115742
710158258
710917991
714216205
714925918
717075307
717614192
717988892
718329784
723142105
723394121
729057413
729141868
729406165
732879733
734619267
735723191
735895902
736420514
736827509
740450637
743119320
743157071
744282816
745720937
746326730
746466359
747760093
752001934
752725492
757016626
757591846
759926054
760414644
761086323
763090115