369715534
370102642
371637729
372128227
372932630
373133840
374838445
376398442
376420904
378050373
378423722
378711512
379002907
379485638
379500660
380139473
380246954
380958288
381447672
381999744
382464282
382848976
383709827
383904268
383938455
384230385
385138687
386972672
387708938
389173880
390268956
390433318
393175852
393397968
393419608
393451895
394963394
395614738
395669756
395836301
395865708
396378884
398477561
401443529
401766423
402533765
402558883
402980797
403740775
404941817
405216478
405740979
406039722
406264663
408595901
408708447
409097395
409368122
411387642
411423207
412481016
414465034
414739832
415541583
416155001
416229063
417172000
417857007
419423468
420170010
420565988
420638354
421596481
422540149
424311604
424364887
425004186
429296668
429590631
435626737
435892684
438720763
441020067
441414916
442443504
442688622
442941090
443032264
443037026
443424694
443915149
444101960
444103189
444136539
444831461
444850970
444932507
445137252
447084082
450185787