820974202
823158222
824964718
837235757
840464430
841147259
844730174
845110053
847093868
850860599
851369485
854968898
863134540
867025818
871080536
872340283
873017483
875505740
904793639
905854618
907511839
909869453
912457959
912506459
912791750
916248848
916257184
916865492
917919123
919048129
919752844
921441913
924310075
924355282
928936455
930455133
930565966
931903798
941300846
946936329
947396795
952930978
954925909
956321465
957147557
958455380
962281860
963331913
969988794
972466746
975132179
976912009
978773738
979148744
979897245
982835718
984257310
986752163
987835181
990308543
992618681
994014164
994701201
994739992
996089302
996270705
1002135842
1004749925
1006082785
1023685725
1027591471
1029826630
1032484909
1039258777
1040008753
1044646750
1048232952
1050816564
1052005698
1054595160
1059575677
1064296852
1066809384
1067448021
1070280441
1072005136
1085385536
1096254551
1097394064
1099800711
1103029861
1103193916
1106312593
1106653390
1107321158
1109738852
1121764753
1127494542
1129488408
1141248803