377983244
378777987
378967417
379013450
381763961
382086575
385091345
389528078
390402624
390418623
392131298
393061091
394428456
395187981
395398554
397649803
398209058
398625178
401389462
402409410
403494855
403698336
404461795
407446215
407561917
407698001
408001060
410883445
410942922
411436381
412560620
413170025
413479545
413516360
413531244
414536216
414896185
414915313
417398679
418160595
423503445
425186785
426319028
435265991
435742107
437984413
441485049
442912357
444856025
445619883
445843704
450237655
450610714
451647854
452313477
452565846
452802573
453151562
453627649
454766250
457178625
457805253
459927482
460015425
461177528
461379553
463321111
463407061
465018008
465189319
465313692
465379814
466432990
466586887
467892695
469271760
471633186
472179994
472744558
473114508
474852289
475392185
476236800
476430437
477913396
478579129
478861568
481699327
482837412
490303071
491720016
491737657
492504567
492831023
492854221
492865075
493399044
493622638
494181281
495258913