539980470
540202020
541491286
541607033
541838337
542038705
542565203
544711917
544819805
545492005
545507849
546375592
546522445
547539848
548555594
550260235
552184914
552343801
553631007
553722126
554732493
562513710
562908088
564380588
564752071
564823060
565688469
568426936
568571021
569265413
569335708
569666634
569826176
574177526
574481636
576796257
582991819
583001395
583730366
583806263
584560976
592646173
593210945
593699486
594994474
595175916
595210133
595280020
595698763
596762845
598192875
598329279
602732635
602843214
602878131
602888169
603448951
603706609
604172809
609977401
610750992
615396131
615444325
616475460
616820902
617931296
619171902
619306719
624646525
626152000
626751920
627092021
627176087
627467116
630078552
631188311
631389476
631749369
631826720
631854822
631894301
632209047
632368629
632462147
632654184
632986955
634047745
634292739
634335273
635216219
635406273
635572380
635642247
640918066
641506188
642934201
644356934
645230701
645398047
645441373