124803652
125888058
133760232
136597463
137544099
137775836
139180532
150159861
153400765
154314266
156133442
156717007
157770194
158031579
158166430
158538435
165225226
170317924
170858589
170982368
174977289
175051561
175306182
176077995
176232585
178222378
178854652
181808987
181915829
182466297
183135627
183909643
184119831
184681556
185110541
187113856
190934181
195333144
200803309
214531171
214692360
215116730
234231341
234671187
236144659
236483558
236513328
237330525
240314997
245049656
245069036
249318671
249376821
249465845
250246202
250409889
250694958
251013758
251506364
252307463
252498517
252725455
252859154
253250459
253904602
254135535
254199970
254410322
254675532
254875652
258687451
260270133
260290551
260652727
261943033
263359522
270361581
271648753
272033022
272051644
272119314
272360670
273467188
273504028
274823023
275254683
275657014
276009376
276058159
276171204
276631479
276658000
277344822
277502447
277548665
277685823
278850622
280691931
280931154
281535086