2237770147
2241531386
2258734510
2271912584
2273919556
2284479039
2313271435
2326735570
2365825409
2367890458
2370615032
2375534334
2380946817
2391758063
2395678106
2424715432
2424939758
2426283034
2445816360
2446306006
2455296991
2456661800
2457791356
2468847702
2482628182
2491563015
2509842678
2533208855
2534303021
2575391746
2577602728
2583083204
2601973269
2623434652
2633659790
2651235606
2670364130
2671340589
2682992876
2711029364
2723549858
2732809968
2767807624
2791234155
2799395803
2802976810
2840106572
2842612838
2844413826
2864772243
2873659419
2892736635
2895535055
2910194245
2927064023
2938017375
2943766977
2948556157
2958555429
2971106394
2971282994
3039543271
3115596937
3176749843
3469312011
158785
166418
437483
559882
973360
1046877
2302680
4370105
4631189
6382683
6837173
7019536
7296661
7766545
7777891
7980653
8032273
8928031
9960770
11382818
12852946
12962793
13679458
15635586
16757777
16922232
17338345
17822378
19233046
19436848
19608925
19968387
20102473
20175145
20569843