825253005
826895608
827216868
827701901
834160414
835800391
836014520
836292260
836919809
837374111
838045713
839150515
839526040
840767944
840929974
841350174
844473412
845443779
845583926
845730871
847141224
847459517
848708558
850075358
850436929
850797251
857817584
858668222
858749134
863311207
864691672
865923226
867409611
869007708
870376881
870941272
871161854
871308656
873376193
873485029
876362692
891754757
894105670
894810488
895196137
895767920
897737837
897914834
903003349
903310015
904068741
904974967
905684238
905900759
906565698
906962288
907388928
911633568
912701048
912877200
913903538
914232359
914346541
915859683
916421339
916478158
916506704
916834276
917243934
917681010
919493288
919859666
921162926
921438285
923720894
925624146
928574705
929035075
929156013
931508111
932245159
932351706
934550121
935665330
936801705
939256222
939339547
939614297
940618353
942381939
942482524
944306941
945211981
947667194
948919498
949445931
951220093
951335027
951357206
952073100