794004752
799063802
814941323
821259348
823950042
825213999
837805573
839353682
840804823
845520636
848922641
849627920
858518958
861055224
894346807
895133353
896741611
897978173
898076765
908887078
909463904
909763823
911824907
912512719
921273021
923761798
925416231
929815300
932990699
944918401
958742587
970083332
983296488
985229603
987441570
993631135
1002792167
1004865495
1015331894
1019291238
1021773906
1023142080
1027953653
1030132038
1045235519
1059075842
1060858351
1067919535
1104839197
1131361941
1147300210
1162828601
1165685009
1175996933
1223523765
1292586688
1302130289
1334933565
1337820390
1363703472
1391481950
1480809939
1518084694
1529965436
1552171936
1582539073
1584950062
1586651341
1602166458
1667457217
1700331999
1727874824
1753898338
1758061863
1769881282
1771682851
1782412750
1807803140
1902933178
2067188056
2067367556
2074595678
2092336083
2122979898
2211989832
2219553381
2300728303
2308088386
2323852287
2382792648
2392753347
2467862353
2501104374
2516587107
2521270753
2576698858
2579923009
2597364092
2684503701
2692225046