2426217819
2522902604
2547873540
2572909072
2574250781
2577313434
2627436388
2676734222
2678056432
2723612828
2813838334
2835767552
2923180401
2943939496
2974097793
3056802792
3134345899
3217159212
3236181840
3252316428
3306423926
3428432838
3517990458
364733
536257
977870
8164609
12077189
16380680
17618541
22549438
33351300
43137307
45339144
46032232
50640445
54654817
56520581
57859742
58323628
59801035
61120863
63167499
65196242
66828801
68535854
69471145
75476026
76489331
77053153
80623223
81138862
81515384
81977418
81982654
88631963
97089088
97602683
105198042
113740261
115830797
118186821
120023789
120811409
122297622
122638276
124859516
136614407
137680675
137726044
150291241
154692551
157706225
158091590
172536786
176409193
183548172
185655440
185876325
190214309
190663537
191167046
191906879
192302918
192619118
196049401
200862899
214698128
229739672
232687022
237568473
240341654
244756700
249115604
250476337
250965273
251198590
251500581
251644676
253795271