334718550
337667427
343365463
344019380
346191552
349957736
352919011
352958153
353937483
353981446
357654284
357656367
359524633
361536872
364850655
366905782
371834959
373538694
379414395
379462883
381720537
391106253
391835708
394627177
403933405
405018958
407476561
409998466
410165219
411950030
412474171
438112218
444867906
444903564
445352817
447235838
453149503
460819869
462002676
465889946
470656642
471644773
476620333
479300198
492023866
493899191
494484846
494927343
495678836
496013114
498941771
503259499
506996910
510800889
513998218
523353145
529537393
529598157
540397154
542951006
543258776
546338256
551607073
554115631
562957560
570801331
592427980
595552217
597694497
605181714
619918458
625813845
627743720
629942046
631835536
642486059
664614063
709918511
714420668
719856540
724383024
726944428
729198934
740107211
742109926
742495339
762443665
779171998
784335950
806085233
807494866
825353840
835557103
846074859
846169231
846484682
847036146
850644824
852773101
854309072