125383374
150068174
154760222
156055673
190737545
196209176
231664388
245349698
273644950
291308810
303152917
308488971
313227728
316361240
344019380
350133305
350363932
352138075
354311679
360821489
364575152
389437623
390669160
397652501
399578669
405656228
411369541
411503662
412741588
413255060
416729844
421418259
422069472
425812392
429376451
435230941
452658992
454262360
463167223
466128974
469710910
475033544
475655564
489349350
498401083
510520413
517865181
519916684
523461743
529166826
529263071
529977451
530961047
532347937
540397154
543122087
545375260
547812895
569304567
593822761
602997496
605947793
610155107
616058127
616612217
623212436
641878560
690533926
695687458
715843176
718134381
723209936
728465101
752475183
754279245
778065156
779233118
792758508
825469309
847690686
864508099
867598852
869534476
869861427
939762417
958166735
961406565
997333878
1015779884
1034577578
1105327867
1136807855
1140169184
1146887278
1151086145
1164329291
1171508113
1224958466
1258727899
1272553907