2724999874
2759301719
2793484989
2803863408
2818588806
2920714774
2943939496
2979143623
3134345899
3209676160
3217159212
3306423926
3316165002
3348046330
3419310753
3465938388
3487832306
7399437
8187732
10313956
11283897
52552504
65395096
67579122
85918364
104980808
123084709
147306070
173744989
191020056
236483558
254703309
264710213
269154262
273611228
274393170
278532966
279269300
303129765
312512272
313805723
327271115
332607883
341503156
357213995
362792525
370227443
373177491
382151925
396832537
403765994
405771260
407698001
408650897
414873077
418310605
420344500
424464407
449306205
458197009
476486962
493293120
498551933
519831013
526341940
591577131
605551287
610881656
632939424
635647410
645446360
654093870
672799604
812104772
897271459
1009131015
1019647093
1102354339
1139153891
1153497517
1536567534
1559572268
1632536465
1844956946
2213127970
2397563834
2544812347
2592036277
17218
860062
2349814
2454565
2677852
3278916
3412490
3432304
3913736
4916521
5772364
5785616