281673374
282000972
282475185
282524556
283123601
283426171
283955303
284227932
284484196
285252082
285253130
285968702
286831375
286866325
289093208
290282436
291527742
294347351
294622414
295726868
295920911
296008516
296375300
297293092
297396915
297485837
297617305
297762582
303347639
303747403
303961926
305062181
305243797
305357322
305654660
307544865
307992012
307998407
308174661
309410682
309652265
310381223
313861181
314095321
314654974
315722465
316080922
316134152
316324725
316750024
327740178
328716441
328778401
329073275
329197095
330317508
331294352
331776473
337239575
337698677
339735057
342047965
342615649
342692143
342933477
344029620
344569829
344570306
344946354
345271271
345534251
346127139
346791922
348031749
348504861
350393513
350744034
350987027
350999259
352613528
353304356
353485547
354437571
354994831
357777905
360289500
361008958
361236519
362111423
362184972
362272983
362816005
363129282
363285975
363623813
364064625
365614615
365689135
366435071
369698360