1578514931
1579407228
1596882248
1603873274
1617037148
1625129818
1634741668
1647923045
1649967644
1652250005
1658813539
1664762390
1669081909
1677484588
1679503057
1683968457
1686720359
1691639892
1737914495
1746921218
1756577729
1770874195
1779250409
1793788656
1797269582
1799372702
1813306965
1822798222
1823247121
1829074988
1844978008
1849911705
1876717021
1904671957
1931268928
1956512079
1969696226
2011056848
2048848616
2049816908
2053361179
2074963352
2220715027
2234535790
2246721478
2274373284
2287647390
2289029902
2293581162
2294155077
2313271435
2313503616
2323854621
2357744733
2383672341
2410333084
2426458283
2431751416
2435757212
2479708122
2498880182
2498941514
2501857856
2511062881
2533208855
2536057360
2545954828
2554671636
2602168168
2655875030
2681413521
2697311750
2697329670
2723953060
2745397427
2765888017
2781938365
2789567486
2795779673
2823291578
2849276474
2920158608
3046626075
3056186030
18651121
22957329
28334250
34010499
53642090
124116272
155282540
184936559
200870257
250510164
273644950
295838013
315413952
330636034
382629463
412741588