763736282
765298214
765738926
767210685
767238917
767527168
768292139
768305979
770575938
771886362
771899887
772619106
773032730
773556395
774505215
778653223
782430124
784474846
785120954
785185246
785193820
786750740
787185638
790173823
791793246
792020703
798391149
798407052
805499849
806428966
812327568
812408467
813245851
814460685
815300985
815447343
821281989
821695709
823059923
823080325
823571551
824665553
825691966
825764203
826892977
827249680
827410461
834533049
834724548
835061250
837276501
837376494
837601050
837770987
841567395
842146669
849060809
849617118
850696356
851401214
851491384
854275824
854637988
859772770
860668709
861582323
861810135
862506568
862770226
863513121
870190465
870398101
870893929
871887361
872821883
873390153
875445011
879619771
891716006
892468786
895105152
903060629
905313871
907983087
908149509
910263144
910682419
912857911
913069470
913220746
913387962
913499869
913564118
913664527
921451206
921510423
921807911
923542133
935763032
939166672