763272649
765227196
768690204
780863363
782595708
790199521
814362120
819552677
824889225
844986719
846536494
850307840
853654643
894148803
895189223
898066507
910194730
921163835
923565184
930213612
937876161
940554085
941729427
948172427
978945399
983229183
992264001
992388730
994637075
1004206852
1004708276
1024016480
1043884389
1047996292
1063142930
1079644057
1094653289
1094870474
1127728777
1172564107
1179968749
1194823760
1210078603
1255699348
1365796621
1373542654
1379288127
1398449172
1405950652
1409597590
1428984733
1448487503
1463587012
1479033647
1525398944
1528547461
1578563342
1606212515
1620077061
1825000726
1834394452
1873884202
1921765468
1942887284
1980049816
2028715463
2040232126
2066077329
2094567954
2223181967
2273296026
2277195524
2308825731
2337071785
2338053255
2373294406
2394714450
2405898268
2415223692
2424347670
2425260133
2428978781
2438221718
2459271507
2491996020
2495713569
2499206721
2502933792
2543848288
2585131564
2598404846
2675492645
2704961113
2746909828
2924999314
2961466097
2969005084
2990513583
3070713889
3079164653