649228902
653124628
663140639
670465804
674666433
675122957
694704324
695021894
707060412
710469216
714522876
724457365
728313021
731835001
735753273
737758244
737842859
742903230
743372443
746241900
746364146
746504944
746686652
747767832
748997415
752373472
756019790
756463977
765110871
770630216
771662502
772969304
780894361
783477816
783693184
784684702
786382973
786525205
786595167
790690213
792383072
793393548
809200531
809506158
811408754
812707609
825658965
836881975
845947027
846292352
846481464
848847760
848849897
854603011
854606282
858994649
859592395
861599550
864531442
871792514
872713977
872932528
877253076
878108743
879833478
892301175
906812916
906997982
907912988
920981192
921063683
921551839
927016169
927136107
927198978
927236361
927253905
927339853
930982265
942625099
943638892
947504843
956335183
956376916
957701191
960237650
960256832
960272829
961928112
965759073
974221801
975049868
982303071
983271198
991672730
1007660136
1013939787
1014765345
1025959318
1030132038