357471725
357487017
357637933
359323698
359710630
360170819
360286844
360444436
360502445
360523692
361216323
361593208
362565210
362573144
362592546
362593994
363117509
363367712
363623813
363792050
364445180
364976626
365218364
365234984
365806095
365905353
366605467
368005049
369244914
370270006
370427110
370588937
370846205
370958475
371102712
371232227
371671431
371990289
372077729
372128227
372232009
373733170
373870367
373897988
375467223
375559964
375856137
376714483
378081091
378821004
378934034
379058886
379211280
379485638
380121991
380160554
380510940
380520348
381274809
381673964
381711511
381942555
382927556
382983663
383156116
383667784
383921585
384537597
385138687
385620329
387820655
389015320
389351394
389700304
390245796
390432099
390884637
390944392
391339303
392538558
392710351
393201690
393451895
393641834
394087505
394473458
395000257
395001253
395417021
395584793
395693070
395768655
395865708
396125025
396139815
396467643
396618241
396620653
397101306
397894489