286543773
286562000
287080250
287209146
287291335
287771935
287877583
289311567
289522567
290711516
292722527
292990182
294320566
294955831
295752921
295767707
295935763
296825525
297034192
297318487
302760337
303346449
304381490
304980223
306269108
306999535
308521191
308642600
309599737
312160458
312764873
312975678
313322279
313545676
313938167
314094671
314652174
315191507
316170880
316348089
316558592
316745509
317051228
317836868
320004607
321821676
321970296
326530124
327240219
327987904
329058093
329284125
329593194
329846567
330404750
330716178
330853581
331767588
332245771
332821196
332942926
340007662
342331233
342927114
343120742
343171607
344256045
344546700
345825842
346825769
346870539
348076834
350518238
352630784
353746777
355666518
357096355
357603788
358092981
359475747
360021505
360072541
360438764
360655066
361593650
363917748
364085329
365234984
369036982
369037343
369701378
370411810
372055603
372405082
373100451
373273845
373602785
375176011
375378541
376611086