1211055130
1213407023
1224080999
1224194795
1242754238
1243155858
1245594356
1247815066
1252443986
1253184019
1254727796
1258167607
1260498758
1276613820
1279427182
1290983476
1296940581
1298283650
1305432360
1318297103
1342135869
1353792741
1364616178
1374716610
1378379471
1393324512
1395562248
1398006105
1414551763
1415830707
1418767590
1419989337
1424597963
1433050533
1433735853
1439933631
1447628651
1454444111
1468289630
1468816991
1470040923
1476627355
1493650011
1501057917
1524540021
1534717270
1536737087
1543266952
1561208156
1561808766
1561892180
1564753573
1574810018
1582188086
1593948055
1605293636
1614289283
1638960549
1648744586
1649813852
1656028848
1659149102
1660774163
1720981092
1726015811
1732287716
1742530587
1754677007
1763335113
1764986753
1765756562
1774709371
1780916789
1780942168
1784476607
1812203459
1828986604
1852201674
1909134273
1919007462
1930745511
1931517711
1956547799
1968113448
1977674024
1982770922
1986513103
2018319138
2030023104
2037148251
2073128769
2109573636
2165175316
2187001370
2191853938
2208243259
2208463311
2227827903
2228435249
2236360211