2236370874
2242065338
2245723311
2245816699
2291104122
2293067278
2298655515
2319097563
2321282964
2324803216
2375558927
2380046080
2386513112
2390601939
2402868614
2406180628
2421277626
2421694208
2422374963
2451999468
2530575587
2531770767
2531877471
2540967799
2546923399
2572607982
2574257515
2578097869
2590642133
2608088877
2627904737
2628263520
2628535590
2628886795
2641947829
2649090005
2691891965
2714715045
2716778487
2734826637
2735611724
2755536276
2763538394
2793930989
2820550253
2823478669
2825072246
2832098656
2855788359
2891587879
2897866978
2899802441
2903450058
2932518043
2940648812
2970774824
2995171478
3039049721
3048407783
3065906597
3069476950
3093351548
3099588783
3115160566
3121908839
3133365300
3144705908
3187814967
3200789005
3229442865
3249361784
3251303535
3282128131
3284190029
3301155133
3303168257
3312256221
3390652018
3406680449
3437784124
3465115784
3498407614
3516950668
3549671810
3550318823
3552247835
3580046080
1132320
1161918
1842193
2210935
2254877
5685591
6506564
6583091
8724116
9550634
9731203
10962150
11653165