736169538
738819792
739807681
741832419
742952427
743834874
744991166
745069492
745922150
749896183
751033383
751185869
752174908
752426795
752828887
752968392
752994203
754396998
756383566
760039916
760097807
761733857
766364755
767175797
767651214
769992862
770620555
771473038
772181556
772860557
773424367
775000486
775761870
776210283
776375935
779264494
781346229
781530163
782420975
784603650
785186615
785931133
786531743
786567862
786829885
786849116
787258580
792151550
794416835
804152808
804438949
805660735
807327076
809114135
809246051
809361308
810015228
811543345
812509623
814002447
815165746
821629961
823802763
824657754
824742117
827012547
827249133
827571099
834258929
834634291
834833251
836673174
838183826
839433270
840667969
842165341
842205653
842340261
844179770
845227501
846756038
846774747
847388104
847997330
848829518
850725122
850943353
852848531
853691936
857372950
858672508
859592395
859666926
860826257
862245420
863134540
863671894
865216141
865920325
867070866