228796553
229638304
231280936
234159776
237270680
240100691
240676688
241784047
241852418
243256007
243605730
244215082
244426656
245069036
245167696
247142272
247249241
248116498
248748128
248761729
249047322
249253411
249959593
250252274
250498448
250868414
250904913
251012490
251046159
251190790
252050584
253027904
253390141
253511365
253818850
254359491
254499286
254717907
254914305
258687451
258917629
260816163
263330604
263479852
270206517
270613610
270751200
270892443
271283902
271375393
271466837
271469580
272142124
273042905
273504028
273598405
273944948
274357150
274559728
274921808
274933669
275063222
275600592
275653436
275918293
276002622
277061011
277344822
277503840
277762421
278249617
278523185
278621257
278670572
278756134
279004958
279199359
279501370
279582084
279627575
280364201
280366589
280512550
280573080
280574145
280658826
281081861
281160918
281348448
281525783
283716698
284014519
284363396
284407898
284729294
284910061
284914541
284970015
285399151
285689001
286031008
286207753
286477040
287103719
287449449
287714950
287778327
287877983
289646762
290403165
290467229
290562077
290632072
291885390
292918565
294187898
294702711
294775135
294822004
295128709
296420067
296468450
296939295
297376342
298023628
302612313
302873837
303070162
303315941
303352281
303450278
304035698
304050645
304293800
304678676
305010891
306647881
306657418
306988708
307056910
307222280
307455503
308069835
308174661
308217200
312212988
313056732
313117822
313325076
314131107
314641784
315287804
316300564
316571048
317911753
317933147
326726393
327432604
327651293
329047527
329357351
330167285
330361663
330518222
331357194
332330500
332435369
335388770
335797721
340390978
342201020
342488035
342595117
343334982
343601711
343716106
344248478
344548215
344650863
345121255
345505011
346127139
346782304
346904032
348537594
348568270
348709209
348912304
349556244
349789665
350393513
350809116
353354525
355360557
356322117
356413359
356524347
356539573
357252345
357447220
357471725
357487017
357637933
359323698
359710630
360170819
360286844
360444436
360502445
360523692
361216323
361593208
362565210
362573144
362592546
362593994
363117509
363367712
363623813
363792050
364445180
364976626
365218364
365234984
365806095
365905353
366605467
368005049
369244914
370270006
370427110
370588937
370846205
370958475
371102712
371232227
371671431
371990289
372077729
372128227
372232009
373733170
373870367
373897988
375467223
375559964
375856137
376714483
378081091
378821004
378934034
379058886
379211280
379485638
380121991
380160554
380510940
380520348
381274809
381673964
381711511
381942555
382927556
382983663
383156116
383667784
383921585
384537597
385138687
385620329
387820655
389015320
389351394
389700304
390245796
390432099
390884637
390944392
391339303
392538558
392710351
393201690
393451895
393641834
394087505
394473458
395000257
395001253
395417021
395584793
395693070
395768655
395865708
396125025
396139815
396467643
396618241
396620653
397101306
397894489
398444133
398503637
398966598
399981966
401255419
401766423
402041116
402323446
402578676
402722100
402959864
403798947
404699010
405149426
405400711
405697132
405865689
405891952
406453215
406785617
406855290
407236550
407478533
407549091
408121091
408653626
408708447
409482241
410391711
410686639
410975285
411040537
411499166
411605571
412083497
412140891
412212395
413079669
413523285
413643605
414714903
415262724
415262837
415284021
415369149
415403635
415778346
416048065
416275336
416756182
417172000
417577854
418216280
419232429
419377938
419437095
420504638
420565988
421380981
421448621
421511375
421797409
422014448
422041604
422066023
422471984
422844814
424529503
427725698
429005826
429296668
429715463
434671558
434915977
435006741
435853798
435891087
437934268
438211680
438456523
441605984
442447521
442688622
443671577
443697078
443746567
444193936
444215079
444904961
445206544
445698784
445792242
446009096
446025495
446766386
446813671
446989499
447998636
448407804
448575945
449246075
450240086
450412755
450692415
450777857
450883722
450991392
451575812
452386006
452466465
452675792
452686200
453286733
453450417
453849561
453958542
453977795
454365472
454940502
455161149
455325472
455519323
455844659
458739816
458921576
459316442
459335579
459886076
460701932
460963003
460966421
461316195
461607584
461983862
462461568
463085883
464347054
464911859
464933149
465210249
465261755
465373597
465417918
465927625
466099369
466187818
466497772
466679304
466754356
467168132
468909119
469927212
470326051
470761311
470981815
471213677
471432083
471744006
471749024
471833602
471852962
474796607
475721511
476604781
476665590
476682532
476845820
476937445
476972774
477894791
478930947
479987605
489492688
489689947
490161232
490674693
491435146
492185506
492538242
492568594
492784348
493635978
493982829
494093723
494273237
496523081
496764519
496840547
496899948
497007889
497587772
497666363
497733454
497773427
498936136
501216016
501859704
501868293
502614232
502774459
503501687
504537239
504930880
504936907
506737350
506846920
506972008
507361074
508825940
510178166
510279160
510712439
510859352
511039095
511703632
512186474
512522632
512621114
513016081
513224321
513405349
513468564
516037503
516630863
516955657
517376015
517751756
522544430
522877794
523261550
524100352
524397662
524732687
524736971
524813057
525855639
526791131
527000814
527617486
529453606
529536410
529616889
530065118
530065884
530205183
531869493
532748906
532789050
534380950
534528679
534750228
537525931
539377766
540010203
540045667
540474839
541876438
542006189
542195110
542794593
543287589
543514129
544189807
544711621
545367721
546382664
547303112
549606218
550118277
550547773
552072112
553653725
553674861
553905690
554319244
562851518
562888838
562938462
563674260
563829375
563889751
564000813
565326993
565357363
565904313
565942102
568833123
569315612
569335708
569489168
569596281
570661160
571690112
571803760
571966927
573347242
573354661
573395173
573945379
574177454
574245143
575220818
575762433
576271885
576447092
576777091
578079395
578812301
582471714
583716856
583898476
584820603
591453020
591938246
592080668
592967636
592988761
593125244
594612227
596742140
597173531
598578691
601279749
601417946
601549167
602279974
604410958
604713896
604927297
605230188
609371236
609690898
610174002
614707966
615516195
616279127
619569717
623101305
623162108
623538386
624822905
625590785
626152000
626556028
626574421
626923324
630315666
631677875
631776510
632167047
632654184
634869785
635215739
635299924
641614065
641736764
642208097
642572998
642603752
646165324
648265188
648475659
648496801
648514410
651748506
652393220
654400649
654882394
657004877
657847193
657896984
659612965
663769615
673249258
673387898
673593441
673661935
674317452
674406442
674713889
675206364
675452069
676649218
690145589
690465549
690639636
692996253
694734579
695476127
695521060
695906860
703505139
703909207
704139827
704493615
704540131
704647225
704962086
704964043
707458089
707759161
710439852
710631651
710835458
710872814
710907280
714731665
714856783
715821610
717091634
723361109
723487368
723977236
724325488
727162722
727233976
731074564
734578845
735684010
736331785
736365315
736718594
737611384
738174697
739163881
739930303
740250213
740466893
745449635
745893913
750858373
751512980
751547475
751626209
751995330
754015276
754091521
754201361
755612547
756299071
758718746
760694751
763327901
763901582
765143909
765231600
765327510
766095919
767593829
767790172
767971871
768795507
769881655
771514416
772807369
773273303
773886019
774110035
781755493
784148654
784253626
786282851
787693624
787700162
787941028
790156790
790425861
790479077
790843524
791294114
791391573
791757377
793058706
793355953
793566522
794695744
794813289
794890958
798196534
799872922
804636960
805374930
805609029
806701624
806993531
807082401
807247530
807629403
811709536
812138610
812325536
812748621
813112907
815967825
819023200
819300689
821822617
824373554
824719194
824769118
825253005
826895608
827216868
827701901
834160414
835800391
836014520
836292260
836919809
837374111
838045713
839150515
839526040
840767944
840929974
841350174
844473412
845443779
845583926
845730871
847141224
847459517
848708558
850075358
850436929
850797251
857817584
858668222
858749134
863311207
864691672
865923226
867409611
869007708
870376881
870941272
871161854
871308656
873376193
873485029
876362692
891754757
894105670
894810488
895196137
895767920
897737837
897914834
903003349
903310015
904068741
904974967
905684238
905900759
906565698
906962288
907388928
911633568
912701048
912877200
913903538
914232359
914346541
915859683
916421339
916478158
916506704
916834276
917243934
917681010
919493288
919859666
921162926
921438285
923720894
925624146
928574705
929035075
929156013
931508111
932245159
932351706
934550121
935665330
936801705
939256222
939339547
939614297
940618353
942381939
942482524
944306941
945211981
947667194
948919498
949445931
951220093
951335027
951357206
952073100
952889820
953636098
953929066
954098945
956041676
956624768
957312361
957839589
958129718
962296367
962806029
963675035
965013647
965262481
969234874
969343897
969721643
969992707
970228471
972351947
974476886
974710064
975760691
976167959
979004891
979402984
979526764
981091447
982465590
982814880
983177102
983613368
985218924
985566743
990223010
990650819
991012897
992928574
993857162
996827980
997320203
997619593
997697171
1002168795
1004318075
1004591080
1004609652
1005267980
1005283107
1006927884
1009433099
1009843094
1013839836
1014185428
1016586504
1018652653
1021618130
1021801370
1023455528
1025859765
1027163406
1027323804
1028545407
1029763515
1030549045
1031507859
1033159943
1034067653
1034800212
1035981324
1036262842
1036611601
1043834110
1044707110
1044829318
1045139036
1045441507
1046000555
1046136127
1046670859
1046911050
1047982707
1049418497
1052269041
1052829319
1053256502
1055764709
1057542285
1059115743
1060507512
1061263867
1061910719
1061997011
1062617142
1063223718
1064248664
1064701668
1065272017
1065982429
1066353876