429440836
435383408
435496683
435610613
437073358
439554177
442036436
443194666
444769984
446766537
448712554
448780625
453117241
453718799
453873428
454959256
455990886
457596520
458419707
465106007
471432083
471598354
471641615
471644773
472641873
474323062
478521715
479601820
490245616
491126368
491579578
493379403
493742174
495952668
496822615
496847181
497854547
498482739
498669454
499930632
506204639
509760999
510185136
512777636
516507650
523216334
524026486
528315430
528399480
528740715
530393558
530719156
531365332
531766028
534990574
540177269
540397154
541140046
543071750
543767401
543918391
543954029
544942653
547022322
550198750
554828642
563415914
564197860
564754726
568312867
569356178
569498958
573212790
574795815
578353348
582028424
582883289
583774330
601502086
602390643
604389587
609430092
609514516
614499272
614505035
616739953
623048343
623346507
623854154
624443274
630539296
631725646
635355781
641079323
641757431
646082553
647937080
651677336
651814517
652248036