972494053
1035456227
1083287773
1150456278
1261896644
1334824984
1421985631
1558469852
1559037273
1754734459
2085889773
2129344778
2602982784
2609176266
2659327750
3119784526
3279942
4782401
9846726
10002840
10183715
11176042
12733812
12905495
13481672
13570673
13737182
16019884
16874532
17492117
17946626
21827268
25856217
26044659
27539937
28045072
33606636
34488355
35170594
37146031
38586648
41549652
43667374
45355828
51397066
51539923
55561699
59697115
61186307
61190229
61195015
61203269
61203882
61207710
61218933
61226932
61227621
61228786
61228969
61250060
61256391
61256836
61257106
61258709
61269312
61310701
65339047
69069082
71148951
76129063
76838230
77106676
79055272
79155380
79232825
80581910
82738908
84770508
85798786
86743611
86971208
87335948
88521580
89906610
93867351
99367398
99501616
99711488
102907176
105157179
107424174
113734661
114562618
115499185
116653440
120251354
122289205
150351452
150447634
152060377